1.00000000 0.29847018 -0.89054080 0.13206571 1.05674220 0.56124110 1.21247790 -1.01840560 -0.17646152 -1.92274660
2.00000000 -0.69885702 0.90363699 -0.33185742 -0.45921259 0.56124110 -0.13800562 0.97475967 0.62937942 0.51629307
2.00000000 0.29847018 -0.89054080 1.52383510 0.29876482 -1.76875980 -0.13800562 -1.01840560 -0.17646152 0.51629307
2.00000000 0.29847018 -0.89054080 0.59598884 -0.45921259 0.56124110 -1.48848920 0.97475967 2.24106130 0.51629307
2.00000000 0.29847018 0.90363699 -0.79578056 -0.45921259 0.56124110 -0.13800562 0.97475967 1.43522040 0.51629307
1.00000000 0.29847018 -0.89054080 0.59598884 1.81471960 -1.76875980 1.21247790 -1.01840560 1.43522040 -1.92274660
2.00000000 1.29579740 -0.89054080 -0.33185742 -0.45921259 0.56124110 -1.48848920 -1.01840560 -0.17646152 0.51629307
2.00000000 0.29847018 -0.89054080 -1.25970370 -0.45921259 0.56124110 -1.48848920 0.97475967 -0.98230246 0.51629307
2.00000000 -1.69618420 0.90363699 0.13206571 1.05674220 -1.76875980 -0.13800562 0.97475967 -0.98230246 -1.92274660
2.00000000 0.29847018 -0.89054080 0.13206571 -0.45921259 0.56124110 1.21247790 -1.01840560 0.62937942 0.51629307
1.00000000 0.29847018 0.90363699 2.45168140 1.81471960 -1.76875980 -0.13800562 0.97475967 -0.98230246 0.51629307
2.00000000 0.29847018 -0.89054080 0.13206571 0.29876482 -1.76875980 1.21247790 0.97475967 -0.98230246 0.51629307
1.00000000 0.29847018 0.90363699 0.13206571 -0.45921259 0.56124110 -0.13800562 -1.01840560 0.62937942 0.51629307
1.00000000 0.29847018 0.90363699 -0.79578056 -0.45921259 0.56124110 -0.13800562 -1.01840560 -0.17646152 0.51629307
2.00000000 1.29579740 -0.89054080 -0.79578056 -0.45921259 0.56124110 -0.13800562 0.97475967 -0.98230246 0.51629307
1.00000000 1.29579740 -0.89054080 1.05991200 1.05674220 -1.76875980 1.21247790 -1.01840560 -0.17646152 0.51629307
2.00000000 0.29847018 0.90363699 0.59598884 0.29876482 -1.76875980 -0.13800562 -1.01840560 -0.17646152 -1.92274660
2.00000000 -0.69885702 0.90363699 -0.33185742 -0.45921259 0.56124110 -0.13800562 -1.01840560 -0.17646152 0.51629307
2.00000000 0.29847018 -0.89054080 -1.25970370 -0.45921259 0.56124110 -0.13800562 0.97475967 -0.17646152 0.51629307
2.00000000 1.29579740 -0.89054080 2.45168140 -0.45921259 0.56124110 -0.13800562 0.97475967 -0.98230246 -1.92274660
2.00000000 -1.69618420 -2.68471860 -0.79578056 -0.45921259 0.56124110 1.21247790 0.97475967 -0.98230246 0.51629307
2.00000000 -1.69618420 0.90363699 -2.18755000 -0.45921259 0.56124110 -0.13800562 0.97475967 2.24106130 0.51629307
2.00000000 0.29847018 -0.89054080 -0.33185742 -0.45921259 0.56124110 1.21247790 0.97475967 -0.98230246 0.51629307
2.00000000 1.29579740 -0.89054080 -1.72362680 -0.45921259 0.56124110 -1.48848920 -1.01840560 2.24106130 0.51629307
2.00000000 1.29579740 -0.89054080 -1.25970370 -0.45921259 0.56124110 -1.48848920 -1.01840560 -0.17646152 0.51629307
2.00000000 0.29847018 -2.68471860 -0.79578056 -0.45921259 0.56124110 -0.13800562 -1.01840560 -0.17646152 0.51629307
2.00000000 -1.69618420 0.90363699 0.13206571 -0.45921259 0.56124110 -1.48848920 -1.01840560 2.24106130 0.51629307
2.00000000 -1.69618420 0.90363699 0.13206571 -0.45921259 0.56124110 -0.13800562 0.97475967 -0.17646152 0.51629307
2.00000000 0.29847018 -0.89054080 2.45168140 -0.45921259 0.56124110 -1.48848920 0.97475967 0.62937942 0.51629307
2.00000000 0.29847018 -0.89054080 -2.18755000 -0.45921259 0.56124110 -1.48848920 -1.01840560 -0.17646152 0.51629307
2.00000000 0.29847018 -0.89054080 0.59598884 -0.45921259 0.56124110 1.21247790 0.97475967 -0.17646152 0.51629307
2.00000000 -0.69885702 0.90363699 0.59598884 1.05674220 0.56124110 -0.13800562 -1.01840560 -0.98230246 0.51629307
2.00000000 -0.69885702 -0.89054080 0.59598884 -0.45921259 0.56124110 -0.13800562 -1.01840560 -0.98230246 -1.92274660
2.00000000 0.29847018 -0.89054080 -0.33185742 -0.45921259 0.56124110 -1.48848920 0.97475967 -0.17646152 0.51629307
2.00000000 0.29847018 0.90363699 0.13206571 -0.45921259 0.56124110 -0.13800562 -1.01840560 -0.17646152 0.51629307
1.00000000 0.29847018 0.90363699 0.59598884 -0.45921259 0.56124110 1.21247790 0.97475967 -0.98230246 -1.92274660
2.00000000 0.29847018 0.90363699 -1.25970370 -0.45921259 0.56124110 1.21247790 -1.01840560 -0.17646152 0.51629307
2.00000000 0.29847018 0.90363699 -0.33185742 0.29876482 -1.76875980 -0.13800562 -1.01840560 -0.17646152 0.51629307
2.00000000 -0.69885702 0.90363699 -1.25970370 -0.45921259 0.56124110 -0.13800562 0.97475967 -0.98230246 0.51629307
1.00000000 -0.69885702 0.90363699 0.59598884 -0.45921259 0.56124110 -1.48848920 -1.01840560 -0.17646152 -1.92274660
2.00000000 -0.69885702 0.90363699 0.59598884 -0.45921259 0.56124110 -0.13800562 -1.01840560 1.43522040 0.51629307
1.00000000 -0.69885702 0.90363699 0.59598884 -0.45921259 -1.76875980 1.21247790 0.97475967 0.62937942 0.51629307
2.00000000 -0.69885702 0.90363699 0.59598884 -0.45921259 0.56124110 -1.48848920 0.97475967 -0.98230246 0.51629307
1.00000000 0.29847018 -0.89054080 -0.33185742 -0.45921259 0.56124110 -0.13800562 -1.01840560 -0.98230246 0.51629307
2.00000000 0.29847018 -0.89054080 1.52383510 -0.45921259 0.56124110 -0.13800562 -1.01840560 -0.17646152 0.51629307
1.00000000 -0.69885702 0.90363699 -0.79578056 3.33067450 -1.76875980 1.21247790 -1.01840560 -0.17646152 0.51629307
1.00000000 -0.69885702 -0.89054080 -0.33185742 -0.45921259 0.56124110 -0.13800562 0.97475967 -0.98230246 0.51629307
1.00000000 -1.69618420 0.90363699 0.59598884 -0.45921259 0.56124110 -0.13800562 -1.01840560 -0.98230246 0.51629307
2.00000000 0.29847018 0.90363699 0.13206571 -0.45921259 -1.76875980 -0.13800562 -1.01840560 -0.98230246 0.51629307
1.00000000 1.29579740 -0.89054080 -0.33185742 -0.45921259 0.56124110 1.21247790 0.97475967 -0.17646152 0.51629307
2.00000000 0.29847018 0.90363699 0.59598884 -0.45921259 0.56124110 -1.48848920 -1.01840560 2.24106130 0.51629307
2.00000000 0.29847018 0.90363699 1.52383510 -0.45921259 0.56124110 -0.13800562 -1.01840560 -0.98230246 0.51629307
1.00000000 0.29847018 -0.89054080 1.05991200 -0.45921259 0.56124110 -0.13800562 -1.01840560 -0.17646152 0.51629307
2.00000000 0.29847018 -0.89054080 -1.25970370 -0.45921259 0.56124110 -1.48848920 -1.01840560 -0.98230246 0.51629307
2.00000000 0.29847018 0.90363699 0.13206571 -0.45921259 0.56124110 -1.48848920 -1.01840560 -0.17646152 0.51629307
2.00000000 -1.69618420 0.90363699 1.52383510 -0.45921259 0.56124110 -0.13800562 -1.01840560 -0.17646152 -1.92274660
2.00000000 0.29847018 -0.89054080 0.13206571 -0.45921259 0.56124110 -0.13800562 -1.01840560 -0.17646152 0.51629307
2.00000000 0.29847018 -0.89054080 -0.33185742 -0.45921259 -1.76875980 -0.13800562 0.97475967 -0.98230246 0.51629307
2.00000000 0.29847018 0.90363699 0.59598884 -0.45921259 0.56124110 1.21247790 -1.01840560 -0.17646152 0.51629307
2.00000000 1.29579740 -0.89054080 -0.33185742 -0.45921259 0.56124110 -0.13800562 0.97475967 -0.98230246 0.51629307
1.00000000 -1.69618420 0.90363699 1.05991200 -0.45921259 0.56124110 1.21247790 -1.01840560 -0.17646152 0.51629307
1.00000000 -0.69885702 0.90363699 0.59598884 -0.45921259 0.56124110 1.21247790 0.97475967 0.62937942 0.51629307
1.00000000 -0.69885702 0.90363699 0.13206571 -0.45921259 0.56124110 1.21247790 -1.01840560 -0.98230246 0.51629307
1.00000000 -0.69885702 0.90363699 1.05991200 -0.45921259 0.56124110 -1.48848920 0.97475967 -0.98230246 0.51629307
2.00000000 1.29579740 -0.89054080 0.13206571 -0.45921259 0.56124110 -0.13800562 0.97475967 -0.17646152 0.51629307
2.00000000 -0.69885702 0.90363699 -1.25970370 -0.45921259 0.56124110 -0.13800562 0.97475967 -0.17646152 0.51629307
2.00000000 2.29312460 -0.89054080 1.52383510 -0.45921259 0.56124110 -1.48848920 0.97475967 0.62937942 0.51629307
2.00000000 -0.69885702 0.90363699 -0.33185742 0.29876482 0.56124110 -0.13800562 0.97475967 -0.17646152 0.51629307
2.00000000 0.29847018 -0.89054080 0.13206571 3.33067450 -1.76875980 1.21247790 0.97475967 -0.98230246 0.51629307
1.00000000 1.29579740 -0.89054080 0.59598884 0.29876482 -1.76875980 -0.13800562 -1.01840560 2.24106130 -1.92274660
2.00000000 0.29847018 -0.89054080 -2.18755000 -0.45921259 0.56124110 -1.48848920 0.97475967 2.24106130 0.51629307
2.00000000 0.29847018 -0.89054080 1.05991200 -0.45921259 0.56124110 1.21247790 -1.01840560 -0.17646152 0.51629307
2.00000000 -0.69885702 -0.89054080 0.13206571 -0.45921259 0.56124110 -0.13800562 -1.01840560 -0.17646152 0.51629307
1.00000000 -0.69885702 0.90363699 0.59598884 0.29876482 -1.76875980 -0.13800562 -1.01840560 0.62937942 0.51629307
1.00000000 1.29579740 -0.89054080 0.59598884 -0.45921259 0.56124110 1.21247790 0.97475967 -0.98230246 -1.92274660
2.00000000 1.29579740 -0.89054080 -1.25970370 -0.45921259 0.56124110 -1.48848920 -1.01840560 -0.98230246 0.51629307
1.00000000 0.29847018 -0.89054080 -0.33185742 -0.45921259 0.56124110 -0.13800562 0.97475967 2.24106130 0.51629307
1.00000000 -0.69885702 0.90363699 0.59598884 1.05674220 -1.76875980 1.21247790 0.97475967 -0.98230246 0.51629307
2.00000000 -1.69618420 0.90363699 1.52383510 -0.45921259 0.56124110 -0.13800562 0.97475967 0.62937942 0.51629307
2.00000000 -0.69885702 0.90363699 -0.33185742 -0.45921259 0.56124110 -1.48848920 0.97475967 -0.17646152 0.51629307
1.00000000 -0.69885702 -0.89054080 -0.33185742 0.29876482 0.56124110 1.21247790 0.97475967 -0.17646152 -1.92274660
2.00000000 1.29579740 -0.89054080 0.59598884 0.29876482 -1.76875980 1.21247790 -1.01840560 -0.17646152 0.51629307
2.00000000 -0.69885702 0.90363699 0.59598884 -0.45921259 0.56124110 -1.48848920 -1.01840560 0.62937942 0.51629307
2.00000000 -0.69885702 0.90363699 0.13206571 -0.45921259 0.56124110 -0.13800562 0.97475967 -0.17646152 0.51629307
2.00000000 -0.69885702 0.90363699 -0.33185742 -0.45921259 0.56124110 -0.13800562 -1.01840560 1.43522040 0.51629307
2.00000000 -2.69351140 0.90363699 1.05991200 -0.45921259 0.56124110 -0.13800562 0.97475967 0.62937942 0.51629307
2.00000000 -0.69885702 -0.89054080 -0.33185742 -0.45921259 0.56124110 1.21247790 -1.01840560 -0.17646152 0.51629307
1.00000000 -1.69618420 0.90363699 0.59598884 1.81471960 0.56124110 -0.13800562 0.97475967 -0.98230246 -1.92274660
2.00000000 -0.69885702 0.90363699 0.13206571 -0.45921259 0.56124110 -0.13800562 0.97475967 2.24106130 0.51629307
2.00000000 0.29847018 0.90363699 -1.25970370 -0.45921259 0.56124110 -1.48848920 -1.01840560 -0.17646152 0.51629307
2.00000000 -0.69885702 0.90363699 -1.25970370 -0.45921259 0.56124110 -0.13800562 -1.01840560 -0.17646152 0.51629307
2.00000000 1.29579740 -2.68471860 0.59598884 -0.45921259 0.56124110 -1.48848920 -1.01840560 -0.17646152 0.51629307
1.00000000 1.29579740 -0.89054080 1.98775820 -0.45921259 0.56124110 -1.48848920 0.97475967 0.62937942 -1.92274660
1.00000000 -1.69618420 0.90363699 -0.33185742 0.29876482 -1.76875980 -0.13800562 -1.01840560 -0.17646152 0.51629307
2.00000000 -0.69885702 0.90363699 -0.79578056 -0.45921259 0.56124110 -0.13800562 -1.01840560 -0.17646152 0.51629307
2.00000000 -1.69618420 0.90363699 -1.72362680 -0.45921259 0.56124110 -0.13800562 -1.01840560 1.43522040 0.51629307
2.00000000 0.29847018 0.90363699 -0.33185742 -0.45921259 0.56124110 -1.48848920 -1.01840560 -0.17646152 0.51629307
1.00000000 -0.69885702 0.90363699 -0.33185742 0.29876482 -1.76875980 -0.13800562 0.97475967 0.62937942 -1.92274660
2.00000000 -0.69885702 0.90363699 1.05991200 1.81471960 -1.76875980 -0.13800562 0.97475967 0.62937942 -1.92274660
1.00000000 -1.69618420 0.90363699 -0.79578056 -0.45921259 0.56124110 -1.48848920 0.97475967 -0.17646152 0.51629307
2.00000000 -0.69885702 0.90363699 1.05991200 -0.45921259 -1.76875980 1.21247790 0.97475967 -0.98230246 -1.92274660
2.00000000 0.29847018 0.90363699 0.13206571 -0.45921259 0.56124110 -0.13800562 -1.01840560 -0.17646152 0.51629307
2.00000000 2.29312460 -0.89054080 -2.18755000 -0.45921259 0.56124110 -1.48848920 -1.01840560 1.43522040 0.51629307
2.00000000 0.29847018 -0.89054080 1.52383510 -0.45921259 0.56124110 1.21247790 -1.01840560 0.62937942 0.51629307
2.00000000 -1.69618420 0.90363699 0.13206571 -0.45921259 0.56124110 -0.13800562 -1.01840560 -0.17646152 0.51629307
2.00000000 0.29847018 -0.89054080 -0.33185742 -0.45921259 0.56124110 1.21247790 -1.01840560 -0.98230246 0.51629307
1.00000000 0.29847018 0.90363699 0.13206571 -0.45921259 0.56124110 -0.13800562 -1.01840560 0.62937942 0.51629307
1.00000000 1.29579740 -0.89054080 0.59598884 -0.45921259 -1.76875980 -0.13800562 0.97475967 0.62937942 -1.92274660
1.00000000 1.29579740 -0.89054080 1.52383510 -0.45921259 0.56124110 -0.13800562 0.97475967 -0.17646152 0.51629307
2.00000000 1.29579740 -0.89054080 0.59598884 -0.45921259 0.56124110 -1.48848920 0.97475967 -0.98230246 0.51629307
2.00000000 -0.69885702 0.90363699 0.13206571 -0.45921259 0.56124110 1.21247790 0.97475967 -0.98230246 -1.92274660
2.00000000 0.29847018 -0.89054080 -1.25970370 -0.45921259 0.56124110 -1.48848920 -1.01840560 -0.17646152 0.51629307
1.00000000 0.29847018 0.90363699 0.13206571 -0.45921259 0.56124110 1.21247790 0.97475967 -0.17646152 -1.92274660
2.00000000 1.29579740 -2.68471860 -1.25970370 -0.45921259 0.56124110 -1.48848920 -1.01840560 0.62937942 0.51629307
2.00000000 0.29847018 0.90363699 2.45168140 -0.45921259 -1.76875980 -0.13800562 0.97475967 -0.98230246 -1.92274660
1.00000000 -0.69885702 0.90363699 2.45168140 -0.45921259 0.56124110 -0.13800562 0.97475967 -0.17646152 -1.92274660
1.00000000 1.29579740 -0.89054080 -0.33185742 0.29876482 0.56124110 -0.13800562 -1.01840560 -0.17646152 -1.92274660
2.00000000 0.29847018 0.90363699 -1.25970370 -0.45921259 0.56124110 -0.13800562 0.97475967 -0.98230246 0.51629307
2.00000000 1.29579740 -0.89054080 0.59598884 1.05674220 -1.76875980 -0.13800562 0.97475967 0.62937942 0.51629307
2.00000000 0.29847018 -0.89054080 0.13206571 -0.45921259 0.56124110 -1.48848920 -1.01840560 -0.17646152 0.51629307
2.00000000 0.29847018 -0.89054080 -0.33185742 -0.45921259 0.56124110 1.21247790 -1.01840560 -0.98230246 0.51629307
2.00000000 -0.69885702 0.90363699 -2.18755000 -0.45921259 0.56124110 -0.13800562 0.97475967 1.43522040 0.51629307
1.00000000 -1.69618420 0.90363699 -0.33185742 -0.45921259 0.56124110 1.21247790 -1.01840560 -0.98230246 -1.92274660
2.00000000 2.29312460 -0.89054080 1.52383510 -0.45921259 0.56124110 -1.48848920 0.97475967 -0.98230246 0.51629307
2.00000000 0.29847018 -0.89054080 0.13206571 -0.45921259 0.56124110 -1.48848920 -1.01840560 1.43522040 0.51629307
2.00000000 -0.69885702 0.90363699 -1.72362680 -0.45921259 0.56124110 -1.48848920 -1.01840560 -0.17646152 -1.92274660
1.00000000 -0.69885702 0.90363699 0.13206571 1.81471960 -1.76875980 1.21247790 0.97475967 -0.98230246 0.51629307
2.00000000 1.29579740 -0.89054080 -0.79578056 -0.45921259 0.56124110 -0.13800562 -1.01840560 -0.17646152 0.51629307
1.00000000 0.29847018 -0.89054080 -0.33185742 0.29876482 -1.76875980 1.21247790 0.97475967 0.62937942 0.51629307
1.00000000 -0.69885702 0.90363699 0.13206571 -0.45921259 0.56124110 -0.13800562 -1.01840560 -0.17646152 -1.92274660
2.00000000 0.29847018 -0.89054080 0.59598884 1.05674220 -1.76875980 -0.13800562 -1.01840560 -0.17646152 0.51629307
2.00000000 -0.69885702 0.90363699 0.59598884 -0.45921259 0.56124110 1.21247790 -1.01840560 -0.98230246 0.51629307
1.00000000 0.29847018 -0.89054080 0.59598884 0.29876482 0.56124110 1.21247790 -1.01840560 -0.17646152 0.51629307
1.00000000 1.29579740 -0.89054080 2.45168140 -0.45921259 0.56124110 1.21247790 0.97475967 -0.98230246 0.51629307
1.00000000 -1.69618420 0.90363699 0.13206571 1.05674220 -1.76875980 1.21247790 -1.01840560 1.43522040 -1.92274660
2.00000000 0.29847018 -0.89054080 1.52383510 -0.45921259 0.56124110 1.21247790 -1.01840560 -0.98230246 0.51629307
2.00000000 -1.69618420 0.90363699 -0.79578056 -0.45921259 0.56124110 -1.48848920 -1.01840560 -0.17646152 0.51629307
1.00000000 1.29579740 -0.89054080 -1.25970370 1.05674220 -1.76875980 1.21247790 -1.01840560 -0.98230246 -1.92274660
2.00000000 -0.69885702 0.90363699 1.05991200 -0.45921259 -1.76875980 1.21247790 0.97475967 -0.17646152 -1.92274660
2.00000000 -0.69885702 0.90363699 0.13206571 -0.45921259 0.56124110 -1.48848920 -1.01840560 1.43522040 0.51629307
2.00000000 -1.69618420 0.90363699 0.59598884 -0.45921259 0.56124110 1.21247790 -1.01840560 -0.17646152 0.51629307
2.00000000 -1.69618420 0.90363699 -0.33185742 0.29876482 0.56124110 -0.13800562 0.97475967 2.24106130 0.51629307
1.00000000 -0.69885702 0.90363699 -0.79578056 -0.45921259 -1.76875980 1.21247790 0.97475967 -0.98230246 0.51629307
2.00000000 -1.69618420 0.90363699 -0.33185742 -0.45921259 0.56124110 1.21247790 -1.01840560 2.24106130 0.51629307
2.00000000 -0.69885702 0.90363699 -0.33185742 -0.45921259 0.56124110 -0.13800562 0.97475967 -0.98230246 0.51629307
1.00000000 0.29847018 0.90363699 1.05991200 3.33067450 -1.76875980 1.21247790 0.97475967 0.62937942 0.51629307
1.00000000 0.29847018 0.90363699 0.13206571 -0.45921259 0.56124110 -1.48848920 0.97475967 -0.98230246 0.51629307
1.00000000 0.29847018 -0.89054080 0.59598884 0.29876482 0.56124110 1.21247790 0.97475967 -0.98230246 0.51629307
2.00000000 -0.69885702 0.90363699 -0.33185742 0.29876482 0.56124110 -0.13800562 0.97475967 -0.98230246 0.51629307
2.00000000 0.29847018 0.90363699 1.05991200 -0.45921259 0.56124110 -0.13800562 0.97475967 -0.98230246 0.51629307
2.00000000 1.29579740 -0.89054080 -1.25970370 -0.45921259 0.56124110 -0.13800562 -1.01840560 -0.17646152 0.51629307
1.00000000 -1.69618420 0.90363699 0.59598884 0.29876482 0.56124110 1.21247790 0.97475967 -0.98230246 -1.92274660
2.00000000 -1.69618420 0.90363699 -0.33185742 0.29876482 -1.76875980 -0.13800562 0.97475967 -0.98230246 -1.92274660
2.00000000 -0.69885702 0.90363699 -1.25970370 -0.45921259 0.56124110 -0.13800562 -1.01840560 -0.17646152 -1.92274660
2.00000000 1.29579740 -0.89054080 -0.79578056 -0.45921259 0.56124110 -1.48848920 -1.01840560 1.43522040 0.51629307
2.00000000 -0.69885702 0.90363699 0.59598884 -0.45921259 0.56124110 1.21247790 0.97475967 0.62937942 0.51629307
1.00000000 0.29847018 -0.89054080 0.59598884 1.05674220 -1.76875980 1.21247790 -1.01840560 1.43522040 0.51629307
2.00000000 0.29847018 0.90363699 0.13206571 0.29876482 -1.76875980 -0.13800562 -1.01840560 -0.17646152 -1.92274660
2.00000000 1.29579740 -0.89054080 -1.25970370 -0.45921259 0.56124110 -1.48848920 0.97475967 -0.17646152 0.51629307
2.00000000 0.29847018 -0.89054080 -0.79578056 -0.45921259 0.56124110 -1.48848920 0.97475967 2.24106130 0.51629307
2.00000000 -0.69885702 0.90363699 0.59598884 -0.45921259 0.56124110 -1.48848920 -1.01840560 -0.17646152 0.51629307
2.00000000 -1.69618420 0.90363699 -0.79578056 -0.45921259 0.56124110 -1.48848920 -1.01840560 -0.17646152 0.51629307
1.00000000 1.29579740 -0.89054080 0.13206571 0.29876482 0.56124110 -0.13800562 0.97475967 0.62937942 0.51629307
1.00000000 -0.69885702 0.90363699 0.59598884 3.33067450 -1.76875980 1.21247790 -1.01840560 -0.17646152 0.51629307
2.00000000 0.29847018 0.90363699 0.13206571 0.29876482 0.56124110 -0.13800562 0.97475967 -0.98230246 -1.92274660
2.00000000 1.29579740 -0.89054080 -0.79578056 -0.45921259 0.56124110 -0.13800562 -1.01840560 -0.98230246 -1.92274660
2.00000000 -0.69885702 0.90363699 -0.33185742 1.05674220 0.56124110 -0.13800562 0.97475967 -0.17646152 -1.92274660
2.00000000 -1.69618420 0.90363699 -1.25970370 -0.45921259 0.56124110 -1.48848920 0.97475967 -0.17646152 0.51629307
2.00000000 1.29579740 -0.89054080 0.13206571 -0.45921259 0.56124110 1.21247790 0.97475967 -0.98230246 0.51629307
2.00000000 0.29847018 -0.89054080 1.05991200 3.33067450 0.56124110 1.21247790 -1.01840560 -0.17646152 0.51629307
2.00000000 0.29847018 -0.89054080 -0.79578056 -0.45921259 0.56124110 -0.13800562 0.97475967 0.62937942 0.51629307
1.00000000 1.29579740 -0.89054080 1.52383510 0.29876482 -1.76875980 1.21247790 0.97475967 -0.17646152 0.51629307
2.00000000 2.29312460 -0.89054080 -0.33185742 -0.45921259 0.56124110 1.21247790 -1.01840560 -0.98230246 0.51629307
2.00000000 -0.69885702 0.90363699 1.52383510 -0.45921259 0.56124110 -1.48848920 0.97475967 -0.98230246 0.51629307
2.00000000 0.29847018 -0.89054080 -0.79578056 -0.45921259 0.56124110 -1.48848920 0.97475967 2.24106130 0.51629307
1.00000000 -0.69885702 0.90363699 0.13206571 -0.45921259 0.56124110 1.21247790 -1.01840560 0.62937942 0.51629307
2.00000000 -1.69618420 0.90363699 -1.25970370 -0.45921259 0.56124110 -0.13800562 -1.01840560 1.43522040 0.51629307
2.00000000 -0.69885702 0.90363699 -0.33185742 -0.45921259 0.56124110 -1.48848920 -1.01840560 1.43522040 0.51629307
1.00000000 -1.69618420 0.90363699 0.59598884 -0.45921259 0.56124110 -1.48848920 0.97475967 -0.98230246 0.51629307
2.00000000 -0.69885702 -0.89054080 -0.33185742 -0.45921259 0.56124110 1.21247790 -1.01840560 -0.98230246 0.51629307
2.00000000 -0.69885702 0.90363699 0.13206571 -0.45921259 0.56124110 -0.13800562 -1.01840560 -0.98230246 0.51629307
1.00000000 1.29579740 -0.89054080 0.13206571 -0.45921259 0.56124110 1.21247790 -1.01840560 1.43522040 -1.92274660
2.00000000 1.29579740 -0.89054080 0.59598884 -0.45921259 0.56124110 -1.48848920 -1.01840560 -0.98230246 0.51629307
1.00000000 -0.69885702 0.90363699 1.52383510 -0.45921259 0.56124110 -1.48848920 -1.01840560 -0.17646152 0.51629307
2.00000000 -0.69885702 0.90363699 -1.25970370 -0.45921259 0.56124110 -1.48848920 0.97475967 -0.98230246 0.51629307
2.00000000 -0.69885702 0.90363699 1.05991200 -0.45921259 0.56124110 -1.48848920 -1.01840560 -0.17646152 0.51629307
2.00000000 -0.69885702 0.90363699 1.98775820 -0.45921259 0.56124110 -0.13800562 -1.01840560 -0.17646152 -1.92274660
2.00000000 0.29847018 -0.89054080 -0.79578056 -0.45921259 0.56124110 -0.13800562 0.97475967 -0.17646152 0.51629307
2.00000000 -0.69885702 0.90363699 0.59598884 -0.45921259 0.56124110 -0.13800562 0.97475967 0.62937942 -1.92274660
1.00000000 -0.69885702 0.90363699 -0.79578056 -0.45921259 0.56124110 -0.13800562 -1.01840560 -0.98230246 0.51629307
2.00000000 0.29847018 -0.89054080 -1.72362680 -0.45921259 0.56124110 -0.13800562 0.97475967 0.62937942 0.51629307
1.00000000 -0.69885702 0.90363699 0.13206571 -0.45921259 0.56124110 -0.13800562 0.97475967 -0.17646152 0.51629307
2.00000000 1.29579740 -0.89054080 2.45168140 -0.45921259 0.56124110 -0.13800562 -1.01840560 -0.17646152 0.51629307
1.00000000 0.29847018 0.90363699 0.13206571 0.29876482 -1.76875980 1.21247790 -1.01840560 -0.17646152 -1.92274660
2.00000000 -0.69885702 -0.89054080 1.52383510 3.33067450 -1.76875980 -0.13800562 0.97475967 -0.98230246 -1.92274660
2.00000000 1.29579740 -0.89054080 0.59598884 -0.45921259 0.56124110 -0.13800562 -1.01840560 -0.98230246 0.51629307
2.00000000 -0.69885702 0.90363699 -2.18755000 -0.45921259 0.56124110 1.21247790 -1.01840560 2.24106130 0.51629307
2.00000000 1.29579740 -0.89054080 -0.79578056 -0.45921259 0.56124110 1.21247790 0.97475967 -0.98230246 -1.92274660
2.00000000 1.29579740 -0.89054080 -0.33185742 -0.45921259 0.56124110 -0.13800562 -1.01840560 -0.98230246 0.51629307
1.00000000 -1.69618420 0.90363699 -0.79578056 1.05674220 -1.76875980 1.21247790 -1.01840560 -0.17646152 -1.92274660
2.00000000 -1.69618420 0.90363699 0.59598884 -0.45921259 0.56124110 -0.13800562 -1.01840560 -0.98230246 0.51629307
2.00000000 0.29847018 -2.68471860 0.59598884 -0.45921259 0.56124110 1.21247790 0.97475967 -0.98230246 0.51629307
1.00000000 -0.69885702 -0.89054080 0.13206571 2.57269710 -1.76875980 1.21247790 -1.01840560 1.43522040 -1.92274660
2.00000000 0.29847018 -0.89054080 0.59598884 -0.45921259 0.56124110 -1.48848920 -1.01840560 -0.98230246 0.51629307
1.00000000 0.29847018 -0.89054080 1.52383510 1.05674220 -1.76875980 1.21247790 -1.01840560 -0.17646152 -1.92274660
2.00000000 -0.69885702 0.90363699 -0.33185742 -0.45921259 0.56124110 -1.48848920 0.97475967 0.62937942 0.51629307
2.00000000 0.29847018 -0.89054080 1.52383510 -0.45921259 0.56124110 1.21247790 0.97475967 -0.98230246 0.51629307
2.00000000 1.29579740 -0.89054080 0.59598884 -0.45921259 0.56124110 -0.13800562 -1.01840560 -0.17646152 -1.92274660
2.00000000 1.29579740 -0.89054080 1.98775820 1.05674220 -1.76875980 1.21247790 -1.01840560 2.24106130 0.51629307
2.00000000 -0.69885702 0.90363699 -1.25970370 -0.45921259 0.56124110 -1.48848920 0.97475967 -0.98230246 0.51629307
1.00000000 -1.69618420 0.90363699 -2.18755000 -0.45921259 0.56124110 -0.13800562 0.97475967 2.24106130 0.51629307
2.00000000 -0.69885702 0.90363699 -0.79578056 2.57269710 0.56124110 1.21247790 0.97475967 1.43522040 -1.92274660
2.00000000 0.29847018 -0.89054080 1.05991200 -0.45921259 0.56124110 -0.13800562 -1.01840560 -0.98230246 0.51629307
2.00000000 -0.69885702 0.90363699 1.52383510 0.29876482 -1.76875980 1.21247790 0.97475967 -0.98230246 -1.92274660
2.00000000 -0.69885702 0.90363699 -1.25970370 -0.45921259 0.56124110 -0.13800562 -1.01840560 -0.98230246 0.51629307
1.00000000 1.29579740 -0.89054080 0.59598884 -0.45921259 0.56124110 1.21247790 0.97475967 2.24106130 0.51629307
1.00000000 1.29579740 -0.89054080 -0.33185742 -0.45921259 0.56124110 -1.48848920 0.97475967 -0.98230246 0.51629307
2.00000000 -0.69885702 0.90363699 -1.25970370 -0.45921259 0.56124110 -1.48848920 0.97475967 1.43522040 0.51629307
2.00000000 -1.69618420 0.90363699 0.59598884 1.05674220 -1.76875980 -0.13800562 0.97475967 0.62937942 0.51629307
1.00000000 -0.69885702 0.90363699 -0.33185742 -0.45921259 0.56124110 -0.13800562 -1.01840560 -0.17646152 0.51629307
2.00000000 -0.69885702 0.90363699 0.59598884 0.29876482 -1.76875980 -0.13800562 0.97475967 -0.17646152 0.51629307
2.00000000 1.29579740 -0.89054080 1.52383510 0.29876482 0.56124110 -0.13800562 0.97475967 -0.98230246 -1.92274660
1.00000000 -1.69618420 0.90363699 1.05991200 -0.45921259 0.56124110 1.21247790 -1.01840560 -0.17646152 0.51629307
2.00000000 0.29847018 -0.89054080 -2.18755000 -0.45921259 0.56124110 -0.13800562 -1.01840560 2.24106130 0.51629307
2.00000000 0.29847018 0.90363699 -1.25970370 0.29876482 0.56124110 -1.48848920 0.97475967 -0.98230246 0.51629307
1.00000000 -0.69885702 -0.89054080 0.59598884 0.29876482 0.56124110 1.21247790 -1.01840560 -0.17646152 0.51629307
2.00000000 -0.69885702 0.90363699 0.13206571 -0.45921259 0.56124110 -0.13800562 -1.01840560 -0.98230246 -1.92274660
1.00000000 0.29847018 0.90363699 0.59598884 -0.45921259 0.56124110 1.21247790 -1.01840560 0.62937942 0.51629307
1.00000000 -1.69618420 0.90363699 1.52383510 -0.45921259 0.56124110 -1.48848920 -1.01840560 -0.98230246 0.51629307
1.00000000 -1.69618420 0.90363699 0.13206571 0.29876482 -1.76875980 1.21247790 -1.01840560 -0.17646152 -1.92274660
2.00000000 0.29847018 -0.89054080 -0.79578056 -0.45921259 -1.76875980 -0.13800562 -1.01840560 2.24106130 -1.92274660
2.00000000 0.29847018 0.90363699 -0.79578056 -0.45921259 0.56124110 -1.48848920 -1.01840560 -0.17646152 0.51629307
2.00000000 -1.69618420 0.90363699 -0.33185742 -0.45921259 0.56124110 -0.13800562 -1.01840560 1.43522040 0.51629307
2.00000000 -0.69885702 0.90363699 1.05991200 -0.45921259 0.56124110 -0.13800562 0.97475967 0.62937942 0.51629307
2.00000000 1.29579740 -0.89054080 -1.25970370 -0.45921259 0.56124110 -1.48848920 -1.01840560 -0.98230246 0.51629307
2.00000000 -1.69618420 0.90363699 1.52383510 0.29876482 0.56124110 1.21247790 0.97475967 0.62937942 -1.92274660
2.00000000 1.29579740 -0.89054080 -0.79578056 -0.45921259 0.56124110 -0.13800562 -1.01840560 -0.17646152 0.51629307
2.00000000 0.29847018 0.90363699 0.13206571 -0.45921259 0.56124110 -1.48848920 0.97475967 -0.98230246 0.51629307
2.00000000 0.29847018 0.90363699 0.13206571 -0.45921259 0.56124110 -0.13800562 0.97475967 1.43522040 0.51629307
2.00000000 -0.69885702 0.90363699 0.13206571 -0.45921259 0.56124110 -0.13800562 0.97475967 -0.98230246 0.51629307
2.00000000 0.29847018 -0.89054080 1.05991200 -0.45921259 0.56124110 1.21247790 -1.01840560 -0.98230246 0.51629307
2.00000000 1.29579740 -0.89054080 -0.79578056 -0.45921259 0.56124110 -1.48848920 0.97475967 -0.98230246 0.51629307
2.00000000 1.29579740 -0.89054080 -0.33185742 -0.45921259 0.56124110 -1.48848920 -1.01840560 -0.17646152 0.51629307
2.00000000 -0.69885702 0.90363699 -0.33185742 -0.45921259 0.56124110 -0.13800562 -1.01840560 -0.98230246 0.51629307
2.00000000 1.29579740 -0.89054080 0.13206571 -0.45921259 0.56124110 1.21247790 0.97475967 -0.17646152 0.51629307
2.00000000 -0.69885702 0.90363699 -0.33185742 -0.45921259 0.56124110 -0.13800562 -1.01840560 2.24106130 0.51629307
1.00000000 0.29847018 -0.89054080 1.52383510 1.05674220 -1.76875980 1.21247790 -1.01840560 -0.17646152 -1.92274660
2.00000000 0.29847018 -0.89054080 -0.33185742 0.29876482 -1.76875980 -0.13800562 0.97475967 -0.98230246 0.51629307
2.00000000 0.29847018 -0.89054080 0.59598884 -0.45921259 0.56124110 -1.48848920 0.97475967 -0.17646152 0.51629307
1.00000000 -0.69885702 0.90363699 -0.33185742 0.29876482 -1.76875980 -0.13800562 -1.01840560 -0.17646152 -1.92274660
2.00000000 -0.69885702 0.90363699 1.52383510 -0.45921259 0.56124110 -0.13800562 0.97475967 -0.17646152 0.51629307
1.00000000 1.29579740 -0.89054080 -0.33185742 5.60460670 -1.76875980 1.21247790 -1.01840560 -0.17646152 -1.92274660
1.00000000 -0.69885702 0.90363699 0.13206571 -0.45921259 0.56124110 -0.13800562 0.97475967 -0.17646152 0.51629307
2.00000000 -0.69885702 0.90363699 0.13206571 -0.45921259 0.56124110 -1.48848920 0.97475967 -0.17646152 -1.92274660
2.00000000 0.29847018 0.90363699 -0.79578056 -0.45921259 0.56124110 -0.13800562 0.97475967 -0.17646152 0.51629307
2.00000000 1.29579740 -0.89054080 -0.79578056 -0.45921259 0.56124110 -0.13800562 0.97475967 -0.98230246 0.51629307
2.00000000 -0.69885702 0.90363699 -0.33185742 -0.45921259 0.56124110 -0.13800562 0.97475967 -0.98230246 0.51629307
2.00000000 0.29847018 -0.89054080 -0.33185742 -0.45921259 0.56124110 -0.13800562 0.97475967 -0.98230246 0.51629307
2.00000000 1.29579740 -0.89054080 -1.25970370 -0.45921259 0.56124110 -0.13800562 0.97475967 -0.98230246 -1.92274660
2.00000000 1.29579740 -0.89054080 -0.79578056 -0.45921259 0.56124110 -0.13800562 0.97475967 -0.17646152 0.51629307
2.00000000 1.29579740 -0.89054080 0.59598884 -0.45921259 0.56124110 1.21247790 -1.01840560 -0.17646152 0.51629307
2.00000000 0.29847018 -0.89054080 -1.25970370 -0.45921259 0.56124110 -0.13800562 -1.01840560 -0.17646152 0.51629307
2.00000000 -0.69885702 0.90363699 1.05991200 1.81471960 -1.76875980 -0.13800562 0.97475967 -0.98230246 -1.92274660
2.00000000 -0.69885702 0.90363699 -0.33185742 -0.45921259 0.56124110 1.21247790 0.97475967 -0.17646152 -1.92274660
2.00000000 2.29312460 -0.89054080 -1.25970370 -0.45921259 0.56124110 -0.13800562 -1.01840560 2.24106130 0.51629307
2.00000000 0.29847018 -0.89054080 0.59598884 -0.45921259 0.56124110 -1.48848920 0.97475967 0.62937942 0.51629307
2.00000000 1.29579740 -0.89054080 0.59598884 -0.45921259 0.56124110 -0.13800562 -1.01840560 -0.17646152 0.51629307
1.00000000 -1.69618420 0.90363699 1.05991200 1.81471960 -1.76875980 1.21247790 -1.01840560 -0.17646152 0.51629307
2.00000000 -0.69885702 0.90363699 0.13206571 -0.45921259 0.56124110 -1.48848920 0.97475967 1.43522040 0.51629307
1.00000000 1.29579740 -0.89054080 0.13206571 -0.45921259 0.56124110 1.21247790 -1.01840560 -0.98230246 0.51629307
2.00000000 1.29579740 -0.89054080 0.13206571 -0.45921259 0.56124110 -0.13800562 -1.01840560 -0.17646152 0.51629307
1.00000000 -0.69885702 0.90363699 0.59598884 2.57269710 -1.76875980 1.21247790 -1.01840560 -0.98230246 -1.92274660
2.00000000 -0.69885702 0.90363699 0.59598884 -0.45921259 0.56124110 -0.13800562 0.97475967 1.43522040 0.51629307
2.00000000 0.29847018 -0.89054080 0.13206571 -0.45921259 0.56124110 -0.13800562 0.97475967 -0.98230246 0.51629307
2.00000000 -0.69885702 0.90363699 2.45168140 -0.45921259 0.56124110 -0.13800562 -1.01840560 -0.17646152 0.51629307
1.00000000 0.29847018 -0.89054080 0.59598884 1.05674220 -1.76875980 -0.13800562 -1.01840560 1.43522040 -1.92274660
1.00000000 -0.69885702 0.90363699 0.59598884 0.29876482 0.56124110 -0.13800562 0.97475967 -0.98230246 0.51629307
