1.0000 1.5210 13.6400 4.4900 1.1000 71.7800 0.0600 8.7500 0.0000 0.0000
1.0000 1.5176 13.8900 3.6000 1.3600 72.7300 0.4800 7.8300 0.0000 0.0000
1.0000 1.5162 13.5300 3.5500 1.5400 72.9900 0.3900 7.7800 0.0000 0.0000
1.0000 1.5177 13.2100 3.6900 1.2900 72.6100 0.5700 8.2200 0.0000 0.0000
1.0000 1.5174 13.2700 3.6200 1.2400 73.0800 0.5500 8.0700 0.0000 0.0000
1.0000 1.5160 12.7900 3.6100 1.6200 72.9700 0.6400 8.0700 0.0000 0.2600
1.0000 1.5174 13.3000 3.6000 1.1400 73.0900 0.5800 8.1700 0.0000 0.0000
1.0000 1.5176 13.1500 3.6100 1.0500 73.2400 0.5700 8.2400 0.0000 0.0000
1.0000 1.5192 14.0400 3.5800 1.3700 72.0800 0.5600 8.3000 0.0000 0.0000
1.0000 1.5175 13.0000 3.6000 1.3600 72.9900 0.5700 8.4000 0.0000 0.1100
1.0000 1.5157 12.7200 3.4600 1.5600 73.2000 0.6700 8.0900 0.0000 0.2400
1.0000 1.5176 12.8000 3.6600 1.2700 73.0100 0.6000 8.5600 0.0000 0.0000
1.0000 1.5159 12.8800 3.4300 1.4000 73.2800 0.6900 8.0500 0.0000 0.2400
1.0000 1.5175 12.8600 3.5600 1.2700 73.2100 0.5400 8.3800 0.0000 0.1700
1.0000 1.5176 12.6100 3.5900 1.3100 73.2900 0.5800 8.5000 0.0000 0.0000
1.0000 1.5176 12.8100 3.5400 1.2300 73.2400 0.5800 8.3900 0.0000 0.0000
1.0000 1.5178 12.6800 3.6700 1.1600 73.1100 0.6100 8.7000 0.0000 0.0000
1.0000 1.5220 14.3600 3.8500 0.8900 71.3600 0.1500 9.1500 0.0000 0.0000
1.0000 1.5191 13.9000 3.7300 1.1800 72.1200 0.0600 8.8900 0.0000 0.0000
1.0000 1.5173 13.0200 3.5400 1.6900 72.7300 0.5400 8.4400 0.0000 0.0700
1.0000 1.5175 12.8200 3.5500 1.4900 72.7500 0.5400 8.5200 0.0000 0.1900
1.0000 1.5197 14.7700 3.7500 0.2900 72.0200 0.0300 9.0000 0.0000 0.0000
1.0000 1.5174 12.7800 3.6200 1.2900 72.7900 0.5900 8.7000 0.0000 0.0000
1.0000 1.5175 12.8100 3.5700 1.3500 73.0200 0.6200 8.5900 0.0000 0.0000
1.0000 1.5172 13.3800 3.5000 1.1500 72.8500 0.5000 8.4300 0.0000 0.0000
1.0000 1.5176 12.9800 3.5400 1.2100 73.0000 0.6500 8.5300 0.0000 0.0000
1.0000 1.5179 13.2100 3.4800 1.4100 72.6400 0.5900 8.4300 0.0000 0.0000
1.0000 1.5172 12.8700 3.4800 1.3300 73.0400 0.5600 8.4300 0.0000 0.0000
1.0000 1.5177 12.5600 3.5200 1.4300 73.1500 0.5700 8.5400 0.0000 0.0000
1.0000 1.5178 13.0800 3.4900 1.2800 72.8600 0.6000 8.4900 0.0000 0.0000
1.0000 1.5177 12.6500 3.5600 1.3000 73.0800 0.6100 8.6900 0.0000 0.1400
1.0000 1.5175 12.8400 3.5000 1.1400 73.2700 0.5600 8.5500 0.0000 0.0000
1.0000 1.5177 12.8500 3.4800 1.2300 72.9700 0.6100 8.5600 0.0900 0.2200
1.0000 1.5175 12.5700 3.4700 1.3800 73.3900 0.6000 8.5500 0.0000 0.0600
1.0000 1.5178 12.6900 3.5400 1.3400 72.9500 0.5700 8.7500 0.0000 0.0000
1.0000 1.5157 13.2900 3.4500 1.2100 72.7400 0.5600 8.5700 0.0000 0.0000
1.0000 1.5191 13.8900 3.5300 1.3200 71.8100 0.5100 8.7800 0.1100 0.0000
1.0000 1.5180 12.7400 3.4800 1.3500 72.9600 0.6400 8.6800 0.0000 0.0000
1.0000 1.5221 14.2100 3.8200 0.4700 71.7700 0.1100 9.5700 0.0000 0.0000
1.0000 1.5221 14.2100 3.8200 0.4700 71.7700 0.1100 9.5700 0.0000 0.0000
1.0000 1.5179 12.7900 3.5000 1.1200 73.0300 0.6400 8.7700 0.0000 0.0000
1.0000 1.5175 12.7100 3.4200 1.2000 73.2000 0.5900 8.6400 0.0000 0.0000
1.0000 1.5178 13.2100 3.3900 1.3300 72.7600 0.5900 8.5900 0.0000 0.0000
1.0000 1.5221 13.7300 3.8400 0.7200 71.7600 0.1700 9.7400 0.0000 0.0000
1.0000 1.5179 12.7300 3.4300 1.1900 72.9500 0.6200 8.7600 0.0000 0.3000
1.0000 1.5190 13.4900 3.4800 1.3500 71.9500 0.5500 9.0000 0.0000 0.0000
1.0000 1.5187 13.1900 3.3700 1.1800 72.7200 0.5700 8.8300 0.0000 0.1600
1.0000 1.5267 13.9900 3.7000 0.7100 71.5700 0.0200 9.8200 0.0000 0.1000
1.0000 1.5222 13.2100 3.7700 0.7900 71.9900 0.1300 10.0200 0.0000 0.0000
1.0000 1.5190 13.5800 3.3500 1.2300 72.0800 0.5900 8.9100 0.0000 0.0000
1.0000 1.5232 13.7200 3.7200 0.5100 71.7500 0.0900 10.0600 0.0000 0.1600
1.0000 1.5193 13.2000 3.3300 1.2800 72.3600 0.6000 9.1400 0.0000 0.1100
1.0000 1.5181 13.4300 2.8700 1.1900 72.8400 0.5500 9.0300 0.0000 0.0000
1.0000 1.5184 13.1400 2.8400 1.2800 72.8500 0.5500 9.0700 0.0000 0.0000
1.0000 1.5178 13.2100 2.8100 1.2900 72.9800 0.5100 9.0200 0.0000 0.0900
1.0000 1.5177 12.4500 2.7100 1.2900 73.7000 0.5600 9.0600 0.0000 0.2400
1.0000 1.5122 12.9900 3.4700 1.1200 72.9800 0.6200 8.3500 0.0000 0.3100
1.0000 1.5182 12.8700 3.4800 1.2900 72.9500 0.6000 8.4300 0.0000 0.0000
1.0000 1.5175 13.4800 3.7400 1.1700 72.9900 0.5900 8.0300 0.0000 0.0000
1.0000 1.5175 13.3900 3.6600 1.1900 72.7900 0.5700 8.2700 0.0000 0.1100
1.0000 1.5191 13.6000 3.6200 1.1100 72.6400 0.1400 8.7600 0.0000 0.0000
1.0000 1.5198 13.8100 3.5800 1.3200 71.7200 0.1200 8.6700 0.6900 0.0000
1.0000 1.5217 13.5100 3.8600 0.8800 71.7900 0.2300 9.5400 0.0000 0.1100
1.0000 1.5223 14.1700 3.8100 0.7800 71.3500 0.0000 9.6900 0.0000 0.0000
1.0000 1.5217 13.4800 3.7400 0.9000 72.0100 0.1800 9.6100 0.0000 0.0700
1.0000 1.5210 13.6900 3.5900 1.1200 71.9600 0.0900 9.4000 0.0000 0.0000
1.0000 1.5215 13.0500 3.6500 0.8700 72.2200 0.1900 9.8500 0.0000 0.1700
1.0000 1.5215 13.0500 3.6500 0.8700 72.3200 0.1900 9.8500 0.0000 0.1700
1.0000 1.5215 13.1200 3.5800 0.9000 72.2000 0.2300 9.8200 0.0000 0.1600
1.0000 1.5230 13.3100 3.5800 0.8200 71.9900 0.1200 10.1700 0.0000 0.0300
2.0000 1.5157 14.8600 3.6700 1.7400 71.8700 0.1600 7.3600 0.0000 0.1200
2.0000 1.5185 13.6400 3.8700 1.2700 71.9600 0.5400 8.3200 0.0000 0.3200
2.0000 1.5159 13.0900 3.5900 1.5200 73.1000 0.6700 7.8300 0.0000 0.0000
2.0000 1.5163 13.3400 3.5700 1.5700 72.8700 0.6100 7.8900 0.0000 0.0000
2.0000 1.5160 13.0200 3.5600 1.5400 73.1100 0.7200 7.9000 0.0000 0.0000
2.0000 1.5159 13.0200 3.5800 1.5100 73.1200 0.6900 7.9600 0.0000 0.0000
2.0000 1.5165 13.4400 3.6100 1.5400 72.3900 0.6600 8.0300 0.0000 0.0000
2.0000 1.5163 13.0000 3.5800 1.5400 72.8300 0.6100 8.0400 0.0000 0.0000
2.0000 1.5161 13.9200 3.5200 1.2500 72.8800 0.3700 7.9400 0.0000 0.1400
2.0000 1.5159 12.8200 3.5200 1.9000 72.8600 0.6900 7.9700 0.0000 0.0000
2.0000 1.5159 12.8600 3.5200 2.1200 72.6600 0.6900 7.9700 0.0000 0.0000
2.0000 1.5159 13.2500 3.4500 1.4300 73.1700 0.6100 7.8600 0.0000 0.0000
2.0000 1.5165 13.4100 3.5500 1.2500 72.8100 0.6800 8.1000 0.0000 0.0000
2.0000 1.5159 13.0900 3.5200 1.5500 72.8700 0.6800 8.0500 0.0000 0.0900
2.0000 1.5141 14.2500 3.0900 2.0800 72.2800 1.1000 7.0800 0.0000 0.0000
2.0000 1.5163 13.3600 3.5800 1.4900 72.7200 0.4500 8.2100 0.0000 0.0000
2.0000 1.5157 13.2400 3.4900 1.4700 73.2500 0.3800 8.0300 0.0000 0.0000
2.0000 1.5165 13.4000 3.4900 1.5200 72.6500 0.6700 8.0800 0.0000 0.1000
2.0000 1.5162 13.0100 3.5000 1.4800 72.8900 0.6000 8.1200 0.0000 0.0000
2.0000 1.5164 12.5500 3.4800 1.8700 73.2300 0.6300 8.0800 0.0000 0.0900
2.0000 1.5184 12.9300 3.7400 1.1100 72.2800 0.6400 8.9600 0.0000 0.2200
2.0000 1.5160 12.9000 3.4400 1.4500 73.0600 0.4400 8.2700 0.0000 0.0000
2.0000 1.5159 13.1200 3.4100 1.5800 73.2600 0.0700 8.3900 0.0000 0.1900
2.0000 1.5159 13.2400 3.3400 1.4700 73.1000 0.3900 8.2200 0.0000 0.0000
2.0000 1.5163 12.7100 3.3300 1.4900 73.2800 0.6700 8.2400 0.0000 0.0000
2.0000 1.5186 13.3600 3.4300 1.4300 72.2600 0.5100 8.6000 0.0000 0.0000
2.0000 1.5184 13.0200 3.6200 1.0600 72.3400 0.6400 9.1300 0.0000 0.1500
2.0000 1.5174 12.2000 3.2500 1.1600 73.5500 0.6200 8.9000 0.0000 0.2400
2.0000 1.5169 12.6700 2.8800 1.7100 73.2100 0.7300 8.5400 0.0000 0.0000
2.0000 1.5181 12.9600 2.9600 1.4300 72.9200 0.6000 8.7900 0.1400 0.0000
2.0000 1.5166 12.7500 2.8500 1.4400 73.2700 0.5700 8.7900 0.1100 0.2200
2.0000 1.5173 12.3500 2.7200 1.6300 72.8700 0.7000 9.2300 0.0000 0.0000
2.0000 1.5182 12.6200 2.7600 0.8300 73.8100 0.3500 9.4200 0.0000 0.2000
2.0000 1.5272 13.8000 3.1500 0.6600 70.5700 0.0800 11.6400 0.0000 0.0000
2.0000 1.5241 13.8300 2.9000 1.1700 71.1500 0.0800 10.7900 0.0000 0.0000
2.0000 1.5248 11.4500 0.0000 1.8800 72.1900 0.8100 13.2400 0.0000 0.3400
2.0000 1.5312 10.7300 0.0000 2.1000 69.8100 0.5800 13.3000 3.1500 0.2800
2.0000 1.5339 12.3000 0.0000 1.0000 70.1600 0.1200 16.1900 0.0000 0.2400
2.0000 1.5222 14.4300 0.0000 1.0000 72.6700 0.1000 11.5200 0.0000 0.0800
2.0000 1.5182 13.7200 0.0000 0.5600 74.4500 0.0000 10.9900 0.0000 0.0000
2.0000 1.5266 11.2300 0.0000 0.7700 73.2100 0.0000 14.6800 0.0000 0.0000
2.0000 1.5274 11.0200 0.0000 0.7500 73.0800 0.0000 14.9600 0.0000 0.0000
2.0000 1.5278 12.6400 0.0000 0.6700 72.0200 0.0600 14.4000 0.0000 0.0000
2.0000 1.5189 13.4600 3.8300 1.2600 72.5500 0.5700 8.2100 0.0000 0.1400
2.0000 1.5185 13.1000 3.9700 1.1900 72.4400 0.6000 8.4300 0.0000 0.0000
2.0000 1.5185 13.4100 3.8900 1.3300 72.3800 0.5100 8.2800 0.0000 0.0000
2.0000 1.5183 13.2400 3.9000 1.4100 72.3300 0.5500 8.3100 0.0000 0.1000
2.0000 1.5171 13.7200 3.6800 1.8100 72.0600 0.6400 7.8800 0.0000 0.0000
2.0000 1.5167 13.3000 3.6400 1.5300 72.5300 0.6500 8.0300 0.0000 0.2900
2.0000 1.5165 13.5600 3.5700 1.4700 72.4500 0.6400 7.9600 0.0000 0.0000
2.0000 1.5184 13.2500 3.7600 1.3200 72.4000 0.5800 8.4200 0.0000 0.0000
2.0000 1.5166 12.9300 3.5400 1.6200 72.9600 0.6400 8.0300 0.0000 0.2100
2.0000 1.5169 13.2300 3.5400 1.4800 72.8400 0.5600 8.1000 0.0000 0.0000
2.0000 1.5171 13.4800 3.4800 1.7100 72.5200 0.6200 7.9900 0.0000 0.0000
2.0000 1.5218 13.2000 3.6800 1.1500 72.7500 0.5400 8.5200 0.0000 0.0000
2.0000 1.5187 12.9300 3.6600 1.5600 72.5100 0.5800 8.5500 0.0000 0.1200
2.0000 1.5167 12.9400 3.6100 1.2600 72.7500 0.5600 8.6000 0.0000 0.0000
2.0000 1.5208 13.7800 2.2800 1.4300 71.9900 0.4900 9.8500 0.0000 0.1700
2.0000 1.5207 13.5500 2.0900 1.6700 72.1800 0.5300 9.5700 0.2700 0.1700
2.0000 1.5202 13.9800 1.3500 1.6300 71.7600 0.3900 10.5600 0.0000 0.1800
2.0000 1.5218 13.7500 1.0100 1.3600 72.1900 0.3300 11.1400 0.0000 0.0000
2.0000 1.5261 13.7000 0.0000 1.3600 71.2400 0.1900 13.4400 0.0000 0.1000
2.0000 1.5181 13.4300 3.9800 1.1800 72.4900 0.5800 8.1500 0.0000 0.0000
2.0000 1.5180 13.7100 3.9300 1.5400 71.8100 0.5400 8.2100 0.0000 0.1500
2.0000 1.5181 13.3300 3.8500 1.2500 72.7800 0.5200 8.1200 0.0000 0.0000
2.0000 1.5179 13.1900 3.9000 1.3000 72.3300 0.5500 8.4400 0.0000 0.2800
2.0000 1.5181 13.0000 3.8000 1.0800 73.0700 0.5600 8.3800 0.0000 0.1200
2.0000 1.5171 12.8900 3.6200 1.5700 72.9600 0.6100 8.1100 0.0000 0.0000
2.0000 1.5167 12.7900 3.5200 1.5400 73.3600 0.6600 7.9000 0.0000 0.0000
2.0000 1.5167 12.8700 3.5600 1.6400 73.1400 0.6500 7.9900 0.0000 0.0000
2.0000 1.5169 13.3300 3.5400 1.6100 72.5400 0.6800 8.1100 0.0000 0.0000
2.0000 1.5185 13.2000 3.6300 1.0700 72.8300 0.5700 8.4100 0.0900 0.1700
2.0000 1.5166 12.8500 3.5100 1.4400 73.0100 0.6800 8.2300 0.0600 0.2500
2.0000 1.5171 13.0000 3.4700 1.7900 72.7200 0.6600 8.1800 0.0000 0.0000
2.0000 1.5166 12.9900 3.1800 1.2300 72.9700 0.5800 8.8100 0.0000 0.2400
2.0000 1.5184 12.8500 3.6700 1.2400 72.5700 0.6200 8.6800 0.0000 0.3500
3.0000 1.5177 13.6500 3.6600 1.1100 72.7700 0.1100 8.6000 0.0000 0.0000
3.0000 1.5161 13.3300 3.5300 1.3400 72.6700 0.5600 8.3300 0.0000 0.0000
3.0000 1.5167 13.2400 3.5700 1.3800 72.7000 0.5600 8.4400 0.0000 0.1000
3.0000 1.5164 12.1600 3.5200 1.3500 72.8900 0.5700 8.5300 0.0000 0.0000
3.0000 1.5167 13.1400 3.4500 1.7600 72.4800 0.6000 8.3800 0.0000 0.1700
3.0000 1.5213 14.3200 3.9000 0.8300 71.5000 0.0000 9.4900 0.0000 0.0000
3.0000 1.5178 13.6400 3.6500 0.6500 73.0000 0.0600 8.9300 0.0000 0.0000
3.0000 1.5161 13.4200 3.4000 1.2200 72.6900 0.5900 8.3200 0.0000 0.0000
3.0000 1.5169 12.8600 3.5800 1.3100 72.6100 0.6100 8.7900 0.0000 0.0000
3.0000 1.5165 13.0400 3.4000 1.2600 73.0100 0.5200 8.5800 0.0000 0.0000
3.0000 1.5166 13.4100 3.3900 1.2800 72.6400 0.5200 8.6500 0.0000 0.0000
3.0000 1.5212 14.0300 3.7600 0.5800 71.7900 0.1100 9.6500 0.0000 0.0000
3.0000 1.5178 13.5300 3.4100 1.5200 72.0400 0.5800 8.7900 0.0000 0.0000
3.0000 1.5180 13.5000 3.3600 1.6300 71.9400 0.5700 8.8100 0.0000 0.0900
3.0000 1.5183 13.3300 3.3400 1.5400 72.1400 0.5600 8.9900 0.0000 0.0000
3.0000 1.5193 13.6400 3.5400 0.7500 72.6500 0.1600 8.8900 0.1500 0.2400
3.0000 1.5221 14.1900 3.7800 0.9100 71.3600 0.2300 9.1400 0.0000 0.3700
4.0000 1.5151 14.0100 2.6800 3.5000 69.8900 1.6800 5.8700 2.2000 0.0000
4.0000 1.5192 12.7300 1.8500 1.8600 72.6900 0.6000 10.0900 0.0000 0.0000
4.0000 1.5217 11.5600 1.8800 1.5600 72.8600 0.4700 11.4100 0.0000 0.0000
4.0000 1.5215 11.0300 1.7100 1.5600 73.4400 0.5800 11.6200 0.0000 0.0000
4.0000 1.5197 12.6400 0.0000 1.6500 73.7500 0.3800 11.5300 0.0000 0.0000
4.0000 1.5167 12.8600 0.0000 1.8300 73.8800 0.9700 10.1700 0.0000 0.0000
4.0000 1.5199 13.2700 0.0000 1.7600 73.0300 0.4700 11.3200 0.0000 0.0000
4.0000 1.5237 13.4400 0.0000 1.5800 72.2200 0.3200 12.2400 0.0000 0.0000
4.0000 1.5132 13.0200 0.0000 3.0400 70.4800 6.2100 6.9600 0.0000 0.0000
4.0000 1.5132 13.0000 0.0000 3.0200 70.7000 6.2100 6.9300 0.0000 0.0000
4.0000 1.5204 13.3800 0.0000 1.4000 72.2500 0.3300 12.5000 0.0000 0.0000
4.0000 1.5206 12.8500 1.6100 2.1700 72.1800 0.7600 9.7000 0.2400 0.5100
4.0000 1.5212 12.9700 0.3300 1.5100 73.3900 0.1300 11.2700 0.0000 0.2800
5.0000 1.5191 14.0000 2.3900 1.5600 72.3700 0.0000 9.5700 0.0000 0.0000
5.0000 1.5194 13.7900 2.4100 1.1900 72.7600 0.0000 9.7700 0.0000 0.0000
5.0000 1.5183 14.4600 2.2400 1.6200 72.3800 0.0000 9.2600 0.0000 0.0000
5.0000 1.5185 14.0900 2.1900 1.6600 72.6700 0.0000 9.3200 0.0000 0.0000
5.0000 1.5130 14.4000 1.7400 1.5400 74.5500 0.0000 7.5900 0.0000 0.0000
5.0000 1.5189 14.9900 0.7800 1.7400 72.5000 0.0000 9.9500 0.0000 0.0000
5.0000 1.5192 14.1500 0.0000 2.0900 72.7400 0.0000 10.8800 0.0000 0.0000
5.0000 1.5197 14.5600 0.0000 0.5600 73.4800 0.0000 11.2200 0.0000 0.0000
5.0000 1.5111 17.3800 0.0000 0.3400 75.4100 0.0000 6.6500 0.0000 0.0000
6.0000 1.5113 13.6900 3.2000 1.8100 72.8100 1.7600 5.4300 1.1900 0.0000
6.0000 1.5184 14.3200 3.2600 2.2200 71.2500 1.4600 5.7900 1.6300 0.0000
6.0000 1.5232 13.4400 3.3400 1.2300 72.3800 0.6000 8.8300 0.0000 0.0000
6.0000 1.5225 14.8600 2.2000 2.0600 70.2600 0.7600 9.7600 0.0000 0.0000
6.0000 1.5236 15.7900 1.8300 1.3100 70.4300 0.3100 8.6100 1.6800 0.0000
6.0000 1.5161 13.8800 1.7800 1.7900 73.1000 0.0000 8.6700 0.7600 0.0000
6.0000 1.5160 14.8500 0.0000 2.3800 73.2800 0.0000 8.7600 0.6400 0.0900
6.0000 1.5162 14.2000 0.0000 2.7900 73.4600 0.0400 9.0400 0.4000 0.0900
6.0000 1.5172 14.7500 0.0000 2.0000 73.0200 0.0000 8.5300 1.5900 0.0800
6.0000 1.5168 14.5600 0.0000 1.9800 73.2900 0.0000 8.5200 1.5700 0.0700
6.0000 1.5154 14.1400 0.0000 2.6800 73.3900 0.0800 9.0700 0.6100 0.0500
6.0000 1.5156 13.8700 0.0000 2.5400 73.2300 0.1400 9.4100 0.8100 0.0100
6.0000 1.5173 14.7000 0.0000 2.3400 73.2800 0.0000 8.9500 0.6600 0.0000
6.0000 1.5153 14.3800 0.0000 2.6600 73.1000 0.0400 9.0800 0.6400 0.0000
6.0000 1.5161 15.0100 0.0000 2.5100 73.0500 0.0500 8.8300 0.5300 0.0000
6.0000 1.5151 15.1500 0.0000 2.2500 73.5000 0.0000 8.3400 0.6300 0.0000
6.0000 1.5165 11.9500 0.0000 1.1900 75.1800 2.7000 8.9300 0.0000 0.0000
6.0000 1.5151 14.8500 0.0000 2.4200 73.7200 0.0000 8.3900 0.5600 0.0000
6.0000 1.5166 14.8000 0.0000 1.9900 73.1100 0.0000 8.2800 1.7100 0.0000
6.0000 1.5162 14.9500 0.0000 2.2700 73.3000 0.0000 8.7100 0.6700 0.0000
6.0000 1.5173 14.9500 0.0000 1.8000 72.9900 0.0000 8.6100 1.5500 0.0000
6.0000 1.5165 14.9400 0.0000 1.8700 73.1100 0.0000 8.6700 1.3800 0.0000
6.0000 1.5183 14.3900 0.0000 1.8200 72.8600 1.4100 6.4700 2.8800 0.0000
6.0000 1.5164 14.3700 0.0000 2.7400 72.8500 0.0000 9.4500 0.5400 0.0000
6.0000 1.5162 14.1400 0.0000 2.8800 72.6100 0.0800 9.1800 1.0600 0.0000
6.0000 1.5169 14.9200 0.0000 1.9900 73.0600 0.0000 8.4000 1.5900 0.0000
6.0000 1.5207 14.3600 0.0000 2.0200 73.4200 0.0000 8.4400 1.6400 0.0000
6.0000 1.5165 14.3800 0.0000 1.9400 73.6100 0.0000 8.4800 1.5700 0.0000
6.0000 1.5171 14.2300 0.0000 2.0800 73.3600 0.0000 8.6200 1.6700 0.0000
