1.0000 1.0000 0.0000 0.9954 -0.0589 0.8524 0.0231 0.8340 -0.3771 1.0000 0.0376 0.8524 -0.1776 0.5976 -0.4495 0.6054 -0.3822 0.8436 -0.3854 0.5821 -0.3219 0.5697 -0.2967 0.3695 -0.4736 0.5681 -0.5117 0.4108 -0.4617 0.2127 -0.3409 0.4227 -0.5449 0.1864 -0.4530
1.0000 1.0000 0.0000 1.0000 -0.0336 1.0000 0.0049 1.0000 -0.1206 0.8897 0.0120 0.7308 0.0535 0.8544 0.0083 0.5459 0.0030 0.8377 -0.1364 0.7553 -0.0854 0.7089 -0.2750 0.4339 -0.1206 0.5753 -0.4022 0.5898 -0.2215 0.4310 -0.1736 0.6044 -0.2418 0.5605 -0.3824
1.0000 1.0000 0.0000 1.0000 -0.0240 0.9414 0.0653 0.9211 -0.2326 0.7715 -0.1640 0.5280 -0.2028 0.5641 -0.0071 0.3439 -0.2746 0.5294 -0.2178 0.4511 -0.1781 0.0598 -0.3558 0.0231 -0.5288 0.0329 -0.6516 0.1329 -0.5321 0.0243 -0.6220 -0.0571 -0.5957 -0.0461 -0.6570
1.0000 1.0000 0.0000 0.9759 -0.1060 0.9460 -0.2080 0.9281 -0.2835 0.8600 -0.2734 0.7977 -0.4793 0.7823 -0.5076 0.7463 -0.6144 0.5795 -0.6809 0.3785 -0.7364 0.3632 -0.7656 0.3190 -0.7975 0.2279 -0.8163 0.1366 -0.8251 0.0461 -0.8239 -0.0426 -0.8132 -0.1383 -0.8097
1.0000 1.0000 0.0000 0.9636 -0.0720 1.0000 -0.1433 1.0000 -0.2131 1.0000 -0.3617 0.9257 -0.4357 0.9451 -0.4067 0.9039 -0.4638 0.9830 -0.3526 0.8454 -0.6602 0.7535 -0.6059 0.6964 -0.6422 0.8511 -0.6544 0.5758 -0.6971 0.2544 -0.6392 0.4511 -0.7278 0.3890 -0.7342
1.0000 1.0000 0.0000 1.0000 0.0665 1.0000 -0.1839 1.0000 -0.2732 1.0000 -0.4311 1.0000 -0.4135 0.9623 -0.5187 0.9071 -0.5902 0.8923 -0.6647 0.6988 -0.7100 0.7065 -0.7632 0.6308 -0.8054 0.5587 -0.8913 0.4721 -0.8650 0.4030 -0.8367 0.3100 -0.8909 0.2299 -0.8916
1.0000 1.0000 0.0000 1.0000 -0.1632 1.0000 -0.1017 1.0000 -0.1520 1.0000 -0.1928 0.9405 -0.3515 0.9574 -0.2979 0.9372 -0.3441 0.9449 -0.2811 0.9014 -0.4338 0.8604 -0.4731 0.8299 -0.5122 0.8408 -0.4714 0.7622 -0.5837 0.6572 -0.6879 0.6871 -0.6454 0.6473 -0.6723
1.0000 1.0000 0.0000 1.0000 0.0738 1.0000 0.0342 1.0000 -0.0556 1.0000 0.0876 1.0000 0.1965 1.0000 0.2033 1.0000 0.1278 1.0000 0.1056 1.0000 0.2709 1.0000 0.4476 1.0000 0.4175 1.0000 0.2003 1.0000 0.3674 0.9560 0.4864 1.0000 0.3249 1.0000 0.4671
1.0000 1.0000 0.0000 0.9964 0.0647 1.0000 -0.0124 0.9781 0.0250 0.9611 0.0231 0.9927 0.0781 0.8932 0.1035 0.9421 0.0527 0.8881 0.1112 0.8610 0.0863 0.8163 0.1183 0.8367 0.1444 0.8133 0.1341 0.7948 0.1364 0.7911 0.1538 0.7712 0.1593 0.7094 0.1202
1.0000 1.0000 0.0000 0.6706 0.0253 0.6663 0.0503 0.5720 0.1876 0.0878 0.3408 0.6362 0.1213 0.6210 0.1429 0.7864 0.1098 0.5837 0.1815 0.1439 0.4122 0.5389 0.2133 0.5142 0.2263 0.4884 0.2372 0.4617 0.2462 0.4343 0.2531 0.4066 0.2579 1.0000 0.3304
1.0000 1.0000 0.0000 1.0000 -0.0061 1.0000 -0.0983 1.0000 -0.0765 1.0000 -0.1061 1.0000 -0.1107 1.0000 -0.3949 1.0000 -0.1562 0.9212 -0.3188 0.8647 -0.3453 0.9169 -0.4407 0.9606 -0.4687 0.8187 -0.4037 0.8268 -0.4223 0.7578 -0.3823 0.8045 -0.4057 0.7435 -0.4504
1.0000 1.0000 0.0000 0.9607 0.0709 1.0000 0.0430 1.0000 0.0931 0.9017 -0.0514 0.8926 0.0258 0.8325 -0.0614 0.8753 0.0983 0.7654 0.0028 0.7521 -0.0529 0.6596 -0.0790 0.6416 -0.0593 0.5568 -0.0770 0.5805 -0.0221 0.4966 -0.0125 0.5131 -0.0001 0.5210 -0.0018
1.0000 1.0000 0.0000 1.0000 -0.0618 1.0000 0.0294 1.0000 -0.0513 1.0000 -0.0171 1.0000 -0.1173 0.8449 -0.0520 0.9339 -0.0660 0.6917 -0.0738 0.6573 -0.2037 0.9491 -0.3156 0.8085 -0.3165 0.8493 -0.3484 0.7253 -0.2917 0.7309 -0.3858 0.5436 -0.2628 0.6421 -0.3949
1.0000 1.0000 0.0000 1.0000 -0.0871 1.0000 -0.1726 0.8663 -0.8178 0.9482 0.6105 0.9547 -0.4138 0.8849 -0.3174 0.8794 -0.2343 0.8105 -0.6218 0.1225 -1.0000 0.9028 0.1105 0.6236 -0.7855 0.5539 -0.8287 0.4814 -0.8658 0.4065 -0.8967 0.3298 -0.9213 -0.1334 -1.0000
1.0000 1.0000 0.0000 1.0000 0.0838 1.0000 0.1739 1.0000 -0.1331 0.9817 0.6452 1.0000 0.4790 1.0000 0.5911 1.0000 0.7076 1.0000 0.8278 1.0000 0.9510 1.0000 1.0000 0.9804 1.0000 0.9162 1.0000 0.8390 1.0000 0.7482 1.0000 0.6436 1.0000 0.5248 1.0000
1.0000 1.0000 0.0000 1.0000 -0.1424 1.0000 -0.1626 1.0000 -0.2366 1.0000 -0.0751 1.0000 -0.2501 1.0000 -0.2616 1.0000 -0.2198 1.0000 -0.3861 1.0000 -0.4616 1.0000 -0.3552 1.0000 -0.5966 1.0000 -0.4764 0.9882 -0.4969 1.0000 -0.7582 1.0000 -0.7576 1.0000 -0.8444
1.0000 1.0000 0.0000 0.8821 -0.1464 0.9341 -0.1106 0.9210 -0.1645 0.8831 -0.1704 0.8846 -0.3181 0.8527 -0.3146 0.8212 -0.3592 0.8068 -0.3363 0.7524 -0.4702 0.7056 -0.4715 0.6615 -0.5009 0.6130 -0.4809 0.5680 -0.5463 0.5018 -0.5985 0.4708 -0.5738 0.4219 -0.5809
1.0000 1.0000 0.0000 1.0000 -0.1590 0.7231 0.2769 0.8344 -0.5839 1.0000 -0.2821 1.0000 -0.4986 0.7996 -0.1253 0.7684 0.1464 1.0000 0.3934 1.0000 0.2659 0.9635 -0.0189 0.9260 -0.9134 1.0000 0.1480 1.0000 -0.1158 1.0000 -0.1113 1.0000 0.5337 1.0000 -0.5776
1.0000 1.0000 0.0000 1.0000 0.0043 1.0000 -0.0121 1.0000 -0.0296 1.0000 -0.0701 0.9784 -0.0626 1.0000 -0.0654 0.9726 -0.0792 0.9256 -0.1366 0.9418 -0.1433 0.9959 -0.1425 0.9482 -0.1356 0.8947 -0.2085 0.8907 -0.1791 0.8564 -0.1855 0.8378 -0.2010 0.8387 -0.2077
1.0000 1.0000 0.0000 0.9124 0.0435 0.9419 0.0228 0.9470 0.0534 0.9358 0.0132 0.9191 0.0635 0.9277 0.1207 0.9205 0.0621 0.8890 0.1272 0.8374 0.1444 0.8098 0.1185 0.7704 0.1422 0.7575 0.1130 0.7355 0.1328 0.6639 0.1530 0.7093 0.1075 0.6526 0.1145
1.0000 1.0000 0.0000 1.0000 0.0654 1.0000 0.2075 1.0000 0.2628 0.9305 0.3221 0.8677 0.3904 0.7547 0.5008 0.7955 0.5232 0.6595 0.6076 0.5762 0.6300 0.4781 0.6714 0.4055 0.6884 0.3438 0.7208 0.2771 0.7239 0.1930 0.7068 0.1137 0.7269 0.0699 0.7144
1.0000 1.0000 0.0000 0.9093 0.0879 0.8653 0.1689 1.0000 0.1660 0.5519 0.6815 0.7021 0.3672 0.1629 0.4274 0.5762 0.4609 0.5107 0.4962 0.3164 0.1297 0.3782 0.5446 0.3127 0.5583 0.2486 0.5653 0.1863 0.5661 0.1263 0.5610 0.0693 0.5506 0.1214 0.6774
1.0000 1.0000 0.0000 0.9902 -0.0578 0.9979 -0.1301 0.9866 -0.1943 0.9937 -0.2584 0.9274 -0.3013 0.9265 -0.3796 0.8981 -0.4380 0.8492 -0.5206 0.8743 -0.5707 0.7902 -0.5984 0.7472 -0.6462 0.6828 -0.6848 0.6525 -0.7317 0.6101 -0.7535 0.5475 -0.8028 0.4919 -0.8325
1.0000 1.0000 0.0000 1.0000 -0.0373 1.0000 -0.0738 0.9960 -0.1104 0.9984 -0.0993 0.9894 -0.1381 0.9667 -0.2170 0.9529 -0.2510 0.9124 -0.3440 0.9058 -0.3215 0.8999 -0.3469 0.8787 -0.3764 0.8621 -0.4299 0.8317 -0.4312 0.8143 -0.4259 0.7792 -0.4798 0.7511 -0.5015
1.0000 1.0000 0.0000 0.9817 0.0087 0.9810 -0.0382 0.9757 -0.0570 0.9595 -0.0697 0.9900 -0.0451 0.9471 -0.1110 0.9337 -0.1279 0.9422 -0.1158 0.7968 -0.1920 0.8827 -0.1739 0.8626 -0.1874 0.8849 -0.1969 0.8181 -0.2114 0.7855 -0.2386 0.7691 -0.2309 0.7432 -0.2390
1.0000 1.0000 0.0000 0.8413 -0.1836 0.4364 0.0292 0.9342 -0.0027 0.8795 0.1379 0.8112 -0.0179 0.8856 0.5499 0.9171 -0.5749 0.7500 -0.2952 0.8668 -0.2010 1.0000 1.0000 0.4661 -0.1629 0.9007 -0.0278 0.9336 -0.0116 0.6158 -0.3230 0.8446 -0.2571 0.9332 -0.0143
1.0000 1.0000 0.0000 1.0000 1.0000 1.0000 1.0000 0.9101 1.0000 -0.2697 1.0000 -0.8315 1.0000 -1.0000 1.0000 -1.0000 0.7253 -1.0000 -0.5778 -1.0000 -0.4205 -1.0000 -1.0000 -0.5284 -1.0000 0.9001 -1.0000 1.0000 -1.0000 1.0000 -1.0000 1.0000 -0.3469 1.0000 0.3484
1.0000 1.0000 0.0000 0.9566 0.0814 0.9749 -0.0567 0.9717 -0.0848 0.9610 -0.0656 0.9472 0.0128 0.9544 -0.1679 0.9461 -0.1950 0.9963 -0.3227 0.9034 -0.3590 0.9143 -0.2732 0.9014 -0.2981 0.9990 -0.4075 0.8724 -0.3459 0.9206 -0.3062 0.8395 -0.3906 0.8217 -0.4117
1.0000 1.0000 0.0000 1.0000 -0.0226 1.0000 -0.0449 1.0000 -0.0668 1.0000 -0.0880 1.0000 0.5617 1.0000 -0.1274 1.0000 -0.1452 1.0000 0.3241 1.0000 -0.1764 0.9948 -0.1895 0.9560 -0.2008 1.0000 -0.9228 0.8728 -0.2179 0.8292 -0.2237 0.7848 -0.2276 0.7399 -0.2298
1.0000 1.0000 0.0000 1.0000 0.0581 0.9453 0.0742 0.9995 0.1323 1.0000 -0.0191 0.9485 0.0703 0.9571 0.1464 0.9486 0.1122 0.9090 0.2012 0.9674 0.1626 0.9970 0.1426 0.9078 0.1641 0.9167 0.2243 0.8842 0.2357 0.8857 0.2251 0.7832 0.2958 0.8357 0.3117
1.0000 1.0000 0.0000 1.0000 0.0977 1.0000 0.1220 1.0000 0.2257 0.9860 0.0924 0.9493 0.1921 0.9299 0.2429 0.8924 0.2834 0.8553 0.2672 0.8366 0.3313 0.8339 0.3170 0.7483 0.3960 0.7619 0.3466 0.6845 0.4275 0.6276 0.4603 0.5679 0.4703 0.5425 0.5090
1.0000 1.0000 0.0000 1.0000 0.1680 0.9935 0.1633 0.9462 0.3335 0.9176 0.2261 0.9141 0.3711 0.8425 0.4690 0.8101 0.4923 0.7847 0.4831 0.6509 0.5698 0.5655 0.5807 0.5559 0.6472 0.4831 0.5524 0.4332 0.6913 0.3568 0.7615 0.3392 0.6684 0.2210 0.7869
1.0000 1.0000 0.0000 1.0000 -0.4146 1.0000 0.7613 0.8706 0.1859 1.0000 -0.0993 0.9384 0.4799 0.6545 -0.1608 1.0000 0.0088 0.9761 -0.5013 0.8003 -0.2450 0.8807 -0.1910 1.0000 -0.1231 0.9359 0.1068 0.9289 -0.0725 1.0000 -0.2739 0.4397 0.1985 0.5138 -0.0540
1.0000 1.0000 0.0000 1.0000 0.2805 1.0000 0.0248 1.0000 0.0776 1.0000 0.0432 0.9876 0.3327 1.0000 0.0549 1.0000 0.0438 0.9575 -0.2460 0.8437 -0.0867 1.0000 0.0415 0.9993 0.2738 1.0000 -0.3906 0.9641 -0.0217 0.8675 0.2336 0.9458 -0.2202 0.8035 -0.0733
1.0000 1.0000 0.0000 1.0000 0.6778 0.8131 0.8202 0.4302 1.0000 0.2062 0.8054 -0.4387 1.0000 -0.7913 0.7709 -1.0000 0.4027 -0.3905 -0.5863 -0.9791 -0.4282 -0.7308 -0.7634 -0.3767 -0.9749 0.4137 -1.0000 0.4178 -0.9330 0.2577 -1.0000 0.9357 -0.3522 0.9882 0.0345
1.0000 1.0000 0.0000 1.0000 0.0353 1.0000 0.1828 1.0000 0.2697 1.0000 0.2507 1.0000 0.2878 1.0000 0.3864 1.0000 0.3167 1.0000 0.6570 1.0000 0.5385 1.0000 0.6127 1.0000 0.5946 0.8959 0.6833 0.8950 0.7137 0.8561 0.6715 0.7439 0.8561 0.7149 0.7584
1.0000 1.0000 0.0000 0.9609 0.0862 0.9676 0.1928 0.9603 0.2745 0.9804 0.3505 0.9287 0.4628 0.8627 0.5252 0.8282 0.5879 0.7324 0.6906 0.6900 0.7314 0.5447 0.6882 0.4834 0.7620 0.4062 0.7469 0.3340 0.8380 0.2494 0.8606 0.1376 0.8683 0.0905 0.8629
1.0000 1.0000 0.0000 1.0000 0.0507 1.0000 0.1083 1.0000 0.1950 1.0000 0.2845 1.0000 0.3483 1.0000 0.3826 0.9457 0.4288 0.8913 0.5039 0.7591 0.5880 0.8064 0.5996 0.7958 0.6276 0.6664 0.6394 0.5942 0.6944 0.4954 0.7268 0.4703 0.7169 0.3338 0.7524
1.0000 1.0000 0.0000 1.0000 0.0408 1.0000 0.1198 1.0000 0.1616 1.0000 0.2792 0.9870 0.3089 0.9274 0.3764 0.9112 0.3975 0.8194 0.4606 0.7862 0.4699 0.7940 0.5628 0.7033 0.5813 0.6708 0.5972 0.5890 0.6099 0.5395 0.6093 0.4531 0.6364 0.4044 0.6266
1.0000 1.0000 0.0000 1.0000 0.2417 1.0000 0.4859 1.0000 0.7297 1.0000 1.0000 1.0000 1.0000 1.0000 1.0000 1.0000 0.7713 1.0000 1.0000 1.0000 1.0000 0.7447 1.0000 0.8965 1.0000 0.6463 1.0000 0.3826 1.0000 0.1082 1.0000 -0.1737 1.0000 -0.8138 1.0000
1.0000 1.0000 0.0000 1.0000 -0.0660 1.0000 0.6294 1.0000 0.0956 1.0000 0.2028 1.0000 -1.0000 1.0000 -0.4056 1.0000 -0.1585 1.0000 0.0490 1.0000 -0.6154 1.0000 -0.2657 1.0000 -1.0000 1.0000 -0.5804 1.0000 -0.8137 1.0000 -1.0000 1.0000 -0.7855 1.0000 -0.4825
1.0000 1.0000 0.0000 0.9228 0.0780 0.9268 0.1625 0.8970 0.2462 0.8411 0.3520 0.7880 0.4220 0.7072 0.4698 0.7080 0.5648 0.6046 0.6420 0.5125 0.6492 0.3990 0.6697 0.3423 0.6834 0.2369 0.7615 0.1877 0.7389 0.0969 0.7104 0.0273 0.7707 -0.0402 0.6951
1.0000 1.0000 0.0000 0.7485 -0.0281 0.6568 -0.0518 0.8062 0.0281 0.8595 0.0251 0.6346 0.0873 0.7160 0.0784 0.7308 0.0518 0.7855 -0.2781 0.6598 -0.0148 0.7870 0.0695 0.3462 -0.1864 0.6539 0.0281 0.6101 -0.0664 0.5355 -0.2115 0.5902 -0.1405 0.5636 0.0296
1.0000 1.0000 0.0000 0.6755 0.0453 0.7698 -0.1057 0.7736 0.0377 0.6604 -0.0453 0.6453 0.0113 0.6679 -0.1396 0.7208 -0.0226 0.7698 0.0868 0.6189 -0.0793 0.7585 -0.2377 0.7396 -0.1472 0.8491 -0.1509 0.7389 -0.0580 0.6679 0.0226 0.8641 0.0377 0.7321 0.0076
1.0000 1.0000 0.0000 0.5765 -0.0157 0.4039 0.0000 0.3843 0.1294 0.4000 -0.0588 0.5647 0.1412 0.4667 0.0824 0.5255 -0.0549 0.5804 0.0157 0.5020 0.0000 0.4588 0.0667 0.5804 0.0824 0.4980 0.0039 0.4860 0.1004 0.4627 0.0824 0.4510 0.2353 0.4314 0.1726
1.0000 1.0000 0.0000 0.8831 -0.2200 1.0000 0.3637 0.8240 0.1921 0.8509 0.0590 0.9056 -0.0429 0.8519 0.2500 0.7790 0.2532 0.6921 0.5794 0.7103 0.3906 0.7318 0.2757 1.0000 0.3487 0.5676 0.5204 0.6981 0.5323 0.8090 0.5858 0.4303 0.7092 0.5236 0.5419
1.0000 1.0000 0.0000 0.7087 -0.2478 0.6435 0.0435 0.4522 0.3826 0.6522 0.1826 0.5000 0.2696 0.5783 -0.2304 0.5043 0.3783 0.3870 -0.4261 0.3609 -0.2609 0.2696 0.1174 0.5325 -0.0384 0.3130 -0.1217 0.4993 -0.0426 0.4835 -0.0445 0.6435 -0.2522 0.5043 0.1478
1.0000 1.0000 0.0000 0.2920 0.1358 0.4533 0.1681 0.5178 -0.0051 0.5263 0.2088 0.5246 -0.1664 0.4737 -0.0475 0.5552 0.0391 0.8166 -0.2241 0.4244 -0.0424 0.3498 0.0662 0.2818 -0.2088 0.5173 -0.0318 0.5037 -0.0335 0.3463 0.0985 0.7080 -0.0187 0.3956 -0.0323
1.0000 1.0000 0.0000 0.9012 0.1661 0.7930 0.3738 0.7299 0.5051 0.5978 0.7300 0.4430 0.8115 0.2441 0.8749 0.0644 0.8504 -0.1261 0.8740 -0.2874 0.7962 -0.4663 0.6592 -0.5714 0.5381 -0.6816 0.3995 -0.7184 0.2584 -0.7237 0.1122 -0.7147 -0.0553 -0.6770 -0.1990
1.0000 1.0000 0.0000 0.9771 0.1905 0.8268 0.4626 0.7177 0.5873 0.4797 0.8428 0.3141 0.9264 0.1029 0.9395 -0.1325 0.8429 -0.3202 0.9162 -0.5214 0.7953 -0.6827 0.4951 -0.7741 0.3354 -0.8538 0.1785 -0.8331 -0.0136 -0.8237 -0.1932 -0.6729 -0.3366 -0.5994 -0.4970
1.0000 1.0000 0.0000 0.7408 0.0497 0.7907 0.0254 0.7857 0.0379 0.6623 0.0995 0.6780 0.3115 0.7593 0.0735 0.7470 0.0844 0.7068 -0.0785 0.6361 0.0000 0.7002 0.1135 0.6818 0.1218 0.6702 0.1545 0.6416 0.1361 0.6571 0.1754 0.5976 0.1470 0.5746 0.1511
1.0000 1.0000 0.0000 1.0000 0.0171 0.9621 -0.0314 1.0000 -0.0344 1.0000 -0.0507 0.9903 -0.0709 0.9917 -0.0900 1.0000 -0.1573 1.0000 -0.1426 0.9831 -0.1181 1.0000 -0.1852 1.0000 -0.1927 0.9897 -0.2208 0.9649 -0.2024 0.9460 -0.1712 0.9644 -0.2256 0.8701 -0.2330
1.0000 1.0000 0.0000 0.9570 -0.1210 0.6332 -0.1269 0.9637 -0.1824 0.9703 0.0846 0.9200 -0.0112 0.8354 -0.2472 1.0000 -0.3140 0.9927 -0.2122 0.9868 -0.2102 1.0000 -0.2717 0.9313 -0.3946 1.0000 -0.1923 0.8879 -0.3156 0.8143 -0.2373 0.8910 -0.3186 0.6953 -0.4157
1.0000 1.0000 0.0000 0.9449 -0.4931 1.0000 -0.0369 0.9890 -0.8705 0.9008 0.6694 1.0000 -0.1010 1.0000 -0.1249 1.0000 -0.1502 1.0000 -0.1768 1.0000 -0.2049 1.0000 -0.2345 1.0000 -0.2657 1.0000 -0.2985 1.0000 -0.3330 1.0000 -0.3693 1.0000 -0.4074 1.0000 -0.4474
1.0000 1.0000 0.0000 0.9945 0.0053 0.8408 -0.1131 0.8824 -0.1643 0.9906 -0.0626 0.9648 -0.0750 0.8522 0.0297 0.8716 -0.2085 0.9388 -0.1298 0.9830 -0.0893 0.8988 0.0008 0.8784 -0.0588 0.9337 -0.1987 0.8758 -0.1781 0.9429 -0.1658 0.8025 -0.2574 0.7659 -0.2779
1.0000 1.0000 0.0000 1.0000 -0.5722 0.9915 -0.7337 0.8952 -0.9745 1.0000 -0.3582 1.0000 -0.2323 0.6289 -0.8640 1.0000 -0.5754 1.0000 -0.7960 0.7677 -0.8895 0.9660 -1.0000 0.7012 -0.7490 0.6195 -0.7690 0.5378 -0.7799 0.8102 -1.0000 1.0000 -1.0000 0.3044 -0.7611
1.0000 1.0000 0.0000 0.8628 0.1931 0.8092 0.4115 0.6720 0.5578 0.5456 0.6996 0.3670 0.8153 0.1962 0.8567 -0.0406 0.8628 -0.1724 0.7579 -0.3410 0.6575 -0.4820 0.5609 -0.6023 0.4100 -0.5923 0.2575 -0.6304 0.0882 -0.5724 -0.0782 -0.5487 -0.1992 -0.4291 -0.3195
1.0000 1.0000 0.0000 1.0000 0.2339 0.9140 0.5201 0.7802 0.7214 0.4766 0.8422 0.2764 0.9173 0.0947 0.8825 -0.2198 0.9140 -0.3417 0.7552 -0.5136 0.6453 -0.6453 0.4461 -0.7410 0.2916 -0.7084 0.0359 -0.7173 -0.1194 -0.6496 -0.2818 -0.5125 -0.4451 -0.3743 -0.5332
1.0000 1.0000 0.0000 0.2143 -0.0952 0.3333 0.0714 0.1905 0.1905 0.2381 0.0952 0.4048 0.0238 0.3095 -0.0476 0.3095 -0.0476 0.2857 -0.1191 0.3333 0.0476 0.3095 0.0000 0.2143 -0.1191 0.3571 -0.0476 0.2211 -0.0229 0.1905 0.0000 0.1700 -0.0203 0.1469 -0.0188
1.0000 1.0000 0.0000 0.9818 0.0000 0.8863 0.0313 0.8625 0.0457 0.8000 0.0000 0.6909 0.0454 0.7934 0.0844 0.7712 0.0958 0.6273 0.2545 0.6818 0.1273 0.7067 0.1261 0.6860 0.1349 0.7454 0.2273 0.6458 0.1509 0.6727 0.0273 0.6071 0.1646 0.5884 0.1708
1.0000 1.0000 0.0000 0.8689 -0.0711 1.0000 -0.0249 1.0000 -0.0689 0.8778 0.0022 0.8356 -0.0644 1.0000 -0.0729 1.0000 -0.2000 0.8689 0.0533 0.8800 -0.0378 1.0000 -0.1153 1.0000 -0.1867 0.8444 0.0356 1.0000 -0.1416 0.8222 -0.1467 1.0000 -0.1561 1.0000 -0.4422
1.0000 1.0000 0.0000 1.0000 -0.9245 1.0000 0.7547 0.4906 -0.0566 0.6226 0.0000 1.0000 -0.0005 0.4528 0.0755 0.6226 -0.0566 0.9888 -0.0008 0.5283 0.0000 0.5283 0.0755 0.9519 -0.0011 1.0000 0.7924 0.9219 -0.0013 0.9434 -1.0000 1.0000 0.4340 0.4340 -0.1132
1.0000 1.0000 0.0000 0.4375 0.0417 0.5833 -0.1042 0.3958 0.0000 0.3333 -0.0625 0.4792 0.0000 0.2917 0.1042 0.5417 0.0208 0.4375 -0.2292 0.3542 -0.2292 0.3333 0.0833 0.2500 0.1875 0.3958 -0.1875 0.4401 -0.1006 0.4167 -0.0833 0.5833 -0.3125 0.3333 -0.0625
1.0000 1.0000 0.0000 0.9522 0.0659 0.9361 0.1303 0.9100 0.1915 0.8488 -0.4996 0.9002 0.6132 0.7794 0.3433 0.7225 0.3799 0.6614 0.4084 0.9547 0.5986 0.5326 0.4409 0.4677 0.4451 0.4044 0.4420 0.3437 0.4322 0.9033 1.0000 0.2341 0.3962 0.1863 0.3719
1.0000 1.0000 0.0000 0.9588 0.1013 1.0000 -0.0192 0.9831 0.0255 0.9697 -0.0932 0.9896 -0.0272 0.9798 -0.0310 1.0000 -0.0534 1.0000 -0.0518 0.9384 0.0156 0.9762 -0.0928 0.9789 -0.0532 0.9157 -0.1568 0.9568 -0.0699 0.9098 0.0131 1.0000 -0.1080 0.9314 -0.0689
1.0000 1.0000 0.0000 0.9693 0.0088 1.0000 0.0084 0.9866 -0.0076 0.9787 -0.0284 0.9982 -0.0351 1.0000 -0.0127 1.0000 -0.0258 1.0000 -0.0118 0.9849 0.0003 1.0000 -0.0261 1.0000 -0.0474 0.9602 -0.0453 0.9919 -0.0347 0.9702 -0.0248 1.0000 -0.0386 0.9842 -0.0411
1.0000 1.0000 0.0000 0.6412 0.0140 0.3415 -0.0244 0.5275 0.0347 0.1951 0.1220 0.4331 0.0476 0.2195 0.0488 0.2927 0.0000 0.3659 0.0000 0.3171 0.0732 0.2683 0.1220 0.2370 0.0581 0.2195 0.0976 0.1930 0.0564 0.1741 0.0550 0.1951 0.0000 0.1707 0.0732
1.0000 1.0000 0.0000 0.3469 0.2041 0.4694 0.2449 0.4082 0.2041 0.4694 0.4490 0.3061 0.5918 0.1225 0.5510 0.0000 0.5102 -0.0612 0.5510 -0.2041 0.5510 -0.2857 0.4490 -0.2857 0.3265 -0.6122 0.2245 -0.4658 0.1489 -0.5918 0.1837 -0.3469 0.0000 -0.2653 -0.2449
1.0000 1.0000 0.0000 0.8971 0.3824 0.9118 0.3750 0.7427 0.6765 0.4559 0.7794 0.1912 0.8897 -0.0221 0.8603 -0.2059 0.8235 -0.3750 0.6765 -0.5000 0.4779 -0.7353 0.3824 -0.8603 0.0882 -0.7427 -0.1250 -0.6793 -0.2413 -0.5515 -0.4265 -0.4412 -0.5073 -0.2868 -0.5662
1.0000 1.0000 0.0000 0.2667 -0.1000 0.5333 0.0000 0.3333 -0.1333 0.3667 0.1167 0.5667 0.0167 0.7167 0.0833 0.7000 -0.0667 0.5333 0.2000 0.4167 -0.0167 0.3167 0.2000 0.7000 0.0000 0.2500 0.1333 0.4621 0.0544 0.4000 0.0333 0.4667 0.0333 0.4167 -0.0500
1.0000 1.0000 0.0000 1.0000 -0.3784 0.6486 0.2973 0.6486 -0.2432 0.8649 0.1892 1.0000 -0.2703 0.5135 0.0000 0.6216 -0.0541 0.3243 -0.2162 0.7183 -0.1767 0.6216 0.0541 0.7568 0.1351 0.3513 -0.2973 0.6103 -0.2216 0.5848 -0.2303 0.7297 -0.5946 0.5135 -0.2432
1.0000 1.0000 0.0000 0.9520 0.0225 0.9376 -0.0127 0.9353 0.0121 0.9670 -0.0173 0.9694 0.0052 0.9567 -0.0306 0.9526 -0.0040 0.9948 -0.0266 0.9977 0.0179 0.9358 -0.0497 0.9382 -0.0237 0.9705 -0.0445 0.9621 -0.0165 0.9740 0.0191 0.9543 -0.0341 0.9584 0.0081
1.0000 1.0000 0.0000 0.3103 -0.1035 0.2414 -0.1035 0.2069 -0.0690 0.0741 -0.0543 0.0365 -0.0369 0.0171 -0.0238 0.0074 -0.0148 0.0028 -0.0089 0.0008 -0.0052 -0.0000 -0.0030 -0.0003 -0.0017 -0.0003 -0.0009 -0.0003 -0.0005 -0.0002 -0.0002 -0.0001 -0.0001 -0.0001 -0.0001
1.0000 1.0000 0.0000 0.2500 0.1667 0.4667 0.2667 0.1904 0.2397 0.0777 0.1994 0.0107 0.1492 -0.0237 0.1019 -0.0369 0.0632 -0.0377 0.0346 -0.0323 0.0153 -0.0247 0.0036 -0.0173 -0.0027 -0.0110 -0.0054 -0.0062 -0.0059 -0.0029 -0.0052 -0.0009 -0.0041 0.0003 -0.0029
1.0000 1.0000 0.0000 1.0000 -0.0108 1.0000 -0.0270 1.0000 -0.0649 0.9514 -0.0162 0.9892 -0.0324 0.9892 0.0865 1.0000 -0.0649 0.9514 0.0919 0.9784 -0.0054 1.0000 0.0649 1.0000 0.0432 0.9784 0.0919 0.9856 0.0125 1.0000 -0.0324 1.0000 0.0270 1.0000 -0.0703
1.0000 1.0000 0.0000 0.9037 -0.0160 1.0000 0.0802 1.0000 0.0160 0.9305 0.0053 0.9358 -0.0160 1.0000 0.0000 1.0000 0.0642 1.0000 0.0481 0.9144 0.0428 0.9679 0.0214 0.9893 -0.0160 0.9626 0.0535 0.9697 0.0445 0.8770 0.0107 1.0000 0.0909 0.9786 0.0642
1.0000 1.0000 0.0000 0.6000 0.0333 0.6333 0.0667 0.7000 0.0667 0.7000 0.0000 0.6333 0.0000 0.8000 0.0000 0.7333 0.0000 0.7000 0.1000 0.6667 0.1000 0.7333 -0.0333 0.7667 0.0000 0.6333 0.1333 0.6593 0.1017 0.6000 0.1333 0.6000 0.1667 0.6333 0.1667
1.0000 1.0000 0.0000 0.9465 0.2871 0.7255 0.6725 0.4756 0.8246 0.0127 0.8911 -0.2487 0.8448 -0.4764 0.5608 -0.7588 0.4174 -0.6645 0.0721 -0.6543 -0.1953 -0.5248 -0.4400 -0.3085 -0.5509 -0.0412 -0.6479 0.1608 -0.5642 0.3675 -0.4190 0.4606 -0.2253 0.5038 -0.0598
1.0000 1.0000 0.0000 0.7241 -0.0108 0.7970 0.0108 0.8000 0.0020 0.7902 0.0108 0.7842 -0.0098 0.8335 0.0325 0.8512 0.0168 0.8010 -0.0079 0.7911 -0.0296 0.7596 0.0335 0.7478 0.0552 0.7261 -0.0148 0.7804 0.0061 0.7409 -0.0503 0.8296 0.0296 0.7902 0.0079
1.0000 1.0000 0.0000 0.4709 0.2275 0.4233 0.3360 0.2566 0.4762 0.0185 0.4947 -0.0212 0.5397 -0.3413 0.3122 -0.4127 0.3254 -0.5159 0.0688 -0.5000 -0.1164 -0.1482 -0.1455 -0.1482 -0.3810 -0.2328 0.0027 0.0357 -0.3174 0.1587 -0.2169 0.2487 -0.2434 0.2672 0.0423
1.0000 1.0000 0.0000 0.9433 0.3857 0.4826 0.6453 0.2157 0.7751 -0.5594 0.6490 -0.7368 0.4205 -0.7605 0.0000 -0.6271 -0.3108 -0.3839 -0.6216 -0.1280 -0.6929 0.4991 -0.6362 0.7148 -0.3766 0.7386 -0.0548 0.6010 0.3038 0.4552 0.6051 0.0274 0.5448 -0.2157 0.5046
1.0000 1.0000 0.0000 0.8574 0.0008 0.8193 -0.0568 0.7752 -0.0418 0.8432 0.0904 0.8626 0.1195 0.8805 -0.0612 0.7834 0.0351 0.8372 -0.0680 0.8357 -0.1419 0.8812 0.0120 0.9052 0.0224 0.7969 -0.0194 0.8238 -0.0368 0.8812 -0.0642 0.7394 -0.0194 0.7909 -0.0919
1.0000 1.0000 0.0000 0.8521 0.3925 0.3889 0.7643 0.0886 0.9890 -0.4263 0.8874 -0.7623 0.4998 -0.9309 0.1077 -0.8590 -0.3104 -0.6603 -0.5526 -0.1926 -0.8606 0.2844 -0.8050 0.6465 -0.3523 0.7781 -0.2332 0.7170 0.2134 0.3783 0.5831 0.1967 0.6632 -0.1121 0.6493
1.0000 1.0000 0.0000 1.0000 0.5490 0.6274 1.0000 0.0196 1.0000 -0.4902 0.9216 -0.8235 0.5882 -1.0000 0.1177 -0.9608 -0.3333 -0.6471 -0.6863 -0.2353 -0.8628 0.3529 -1.0000 0.7451 -0.7255 0.9216 -0.2157 0.9287 0.2188 0.7255 0.5686 0.2353 0.9020 -0.1177 0.9020
1.0000 1.0000 0.0000 0.4444 0.4444 0.5370 0.9076 -0.2222 1.0000 -0.3333 0.8889 -1.0000 0.3333 -1.0000 -0.1111 -1.0000 -0.2222 -0.6667 -0.7778 0.5556 -1.0000 -0.2222 -0.7778 0.7778 -0.2222 0.3333 0.0000 0.9212 0.4502 0.5745 0.8435 0.2222 1.0000 -0.5556 1.0000
1.0000 1.0000 0.0000 1.0000 0.0000 1.0000 0.0000 0.5000 0.5000 0.7500 0.0000 0.9120 0.1209 0.8907 0.1421 0.8692 0.1623 0.7500 0.2500 0.7500 0.5000 0.7500 0.0000 1.0000 -0.2500 0.5000 0.5000 0.7394 0.2639 0.7500 0.2500 0.6964 0.2907 0.6749 0.3029
1.0000 1.0000 0.0000 1.0000 0.0000 1.0000 0.0000 0.6667 0.1111 1.0000 -0.1111 0.8889 -0.1111 1.0000 -0.2222 0.7778 0.0000 0.7778 0.0000 1.0000 -0.1111 0.7778 -0.1111 0.6667 -0.1111 0.6667 0.0000 0.9035 -0.0535 1.0000 0.1111 0.8889 -0.1111 1.0000 0.0000
1.0000 1.0000 0.0000 1.0000 0.4546 1.0000 -0.4546 1.0000 0.0909 1.0000 -0.0909 1.0000 0.0000 1.0000 -0.2727 1.0000 -0.1818 1.0000 0.0909 1.0000 0.0000 1.0000 -0.3636 1.0000 0.0909 1.0000 -0.0909 1.0000 -0.0491 1.0000 0.4546 1.0000 -0.2727 1.0000 -0.1818
1.0000 1.0000 0.0000 1.0000 0.1177 1.0000 0.2353 1.0000 0.4118 1.0000 0.0588 1.0000 0.2353 1.0000 0.1177 1.0000 0.4706 1.0000 -0.0588 1.0000 -0.1177 1.0000 0.3529 1.0000 0.4118 1.0000 -0.1177 1.0000 0.2023 1.0000 0.0588 1.0000 0.3529 1.0000 0.2353
1.0000 1.0000 0.0000 0.9167 0.2917 0.8333 -0.1667 0.7083 0.2500 0.8750 -0.0833 0.9167 0.0417 0.8333 0.1250 0.7083 0.0000 0.8750 0.0417 1.0000 0.0833 0.6667 -0.0833 0.7500 0.1667 0.8333 -0.1250 0.8380 0.0550 1.0000 0.2083 0.7083 0.0000 0.7083 0.0417
1.0000 1.0000 0.0000 1.0000 -0.0818 1.0000 -0.1133 0.9925 -0.2980 1.0000 -0.3307 0.9666 -0.3428 0.8579 -0.4727 0.9190 -0.4817 0.7308 -0.6522 0.6813 -0.6354 0.8245 -0.7832 0.5883 -0.7479 0.6703 -0.9630 0.4876 -0.8567 0.3794 -0.8389 0.2412 -0.8885 0.2922 -0.8962
1.0000 1.0000 0.0000 1.0000 0.2408 0.9981 0.0037 0.8024 -0.3013 0.8992 -0.2349 0.7064 -0.2408 0.7386 -0.3054 0.7149 -0.3608 0.4719 -0.6119 0.4047 -0.5506 0.6104 -0.3933 0.5318 -0.3268 0.2397 -0.5214 0.2921 -0.4839 0.1278 -0.3914 0.1566 -0.5133 0.1835 -0.4660
1.0000 1.0000 0.0000 0.9225 -0.1945 0.9642 -0.1767 0.8702 -0.2260 0.8170 -0.2707 0.7927 -0.2891 0.7030 -0.4964 0.6334 -0.4997 0.3725 -0.7073 0.2707 -0.7211 0.4051 -0.5417 0.3351 -0.5969 0.1475 -0.6360 0.0931 -0.5959 -0.0716 -0.5493 -0.0184 -0.5407 -0.0746 -0.4790
1.0000 1.0000 0.0000 0.8418 0.4346 0.5000 0.7616 0.0992 0.9346 -0.3776 0.8819 -0.7236 0.6118 -0.9388 0.1941 -0.8671 -0.2553 -0.6287 -0.6561 -0.2510 -0.8565 0.1625 -0.8650 0.5148 -0.6688 0.7490 -0.2890 0.7794 0.0793 0.6413 0.4283 0.3144 0.6245 -0.0042 0.6941
1.0000 1.0000 0.0000 1.0000 0.6355 1.0000 1.0000 0.7712 1.0000 -0.3333 1.0000 -1.0000 1.0000 0.0000 1.0000 -1.0000 1.0000 -1.0000 0.0000 -1.0000 -0.6667 -1.0000 -0.9254 -1.0000 -0.3333 -0.3333 -1.0000 0.1923 -1.0000 1.0000 -1.0000 0.0000 -1.0000 1.0000 -0.6667
1.0000 1.0000 0.0000 1.0000 0.0684 1.0000 0.1421 1.0000 0.2211 1.0000 -0.1250 1.0000 0.3950 1.0000 0.4898 1.0000 0.5899 -0.3750 1.0000 1.0000 0.0000 1.0000 0.9200 1.0000 1.0000 1.0000 1.0000 1.0000 1.0000 1.0000 0.2500 1.0000 1.0000 1.0000 1.0000
1.0000 1.0000 0.0000 0.6495 -0.0790 0.5826 -0.1438 -0.1313 -0.2138 0.2980 0.0440 0.3810 -0.2634 0.2893 -0.3200 0.0346 -0.1895 0.2027 -0.2944 0.1520 -0.2905 0.0951 -0.3152 0.0656 -0.2680 0.0300 -0.2512 -0.0005 -0.2321 -0.0261 -0.2113 -0.0472 -0.1895 0.0134 -0.2720
1.0000 1.0000 0.0000 1.0000 0.0515 0.9936 0.1012 0.9614 0.1476 0.9551 -0.2650 0.6603 0.5470 0.8043 0.2528 0.7378 0.2738 0.6677 0.2871 0.5961 0.2930 0.5249 0.2920 0.4558 0.2848 0.3902 0.2723 0.3293 0.2555 0.2738 0.2357 0.2243 0.2138 0.1809 0.1908
1.0000 1.0000 0.0000 0.9367 -0.0019 0.6076 0.4320 0.9231 -0.4013 0.9312 0.1683 0.9620 0.0906 0.9968 0.0817 0.9159 0.0510 0.8463 -0.2532 0.8738 -0.1448 0.8487 0.2613 0.7508 -0.0364 0.8455 -0.0259 0.8729 -0.0230 0.9854 0.0939 0.7832 -0.1019 0.8584 -0.1472
1.0000 1.0000 0.0000 1.0000 0.2306 1.0000 -0.7851 1.0000 -0.1040 1.0000 0.1541 1.0000 0.2782 0.9812 -0.0686 1.0000 0.0661 0.9580 -0.1895 0.8358 -0.1563 0.9740 0.0373 0.9962 0.0924 1.0000 -0.0125 0.9624 -0.0460 0.9116 0.0389 1.0000 -0.1372 0.9652 -0.1172
1.0000 1.0000 0.0000 0.7985 0.3826 0.8080 -0.1696 1.0000 -0.0765 0.9815 -0.0740 0.7022 0.2066 0.9974 0.0210 0.9821 0.0249 1.0000 -0.1307 0.9566 0.0772 1.0000 0.0019 0.9031 0.3080 1.0000 -0.1454 1.0000 -0.0039 0.7564 0.0791 1.0000 -0.1875 1.0000 -0.0574
1.0000 1.0000 0.0000 1.0000 -0.2843 1.0000 -0.2535 0.9462 -0.3509 1.0000 -0.3057 0.9274 -0.4906 0.9082 -0.4412 0.7572 -0.5890 0.6975 -0.5802 0.5962 -0.5758 0.6846 -0.7097 0.5446 -0.8733 0.4921 -0.7333 0.3550 -0.7605 0.2635 -0.7824 0.1660 -0.7315 0.1399 -0.7000
1.0000 1.0000 0.0000 1.0000 0.0909 0.9546 -0.0909 0.7727 0.0000 1.0000 0.0000 0.9546 0.0000 1.0000 0.0454 0.9091 -0.0454 1.0000 0.0000 1.0000 0.0000 0.8636 0.0909 0.7727 0.0909 0.9091 0.0454 0.9154 0.0290 0.9546 0.0909 0.8636 -0.0909 0.8636 0.0454
1.0000 1.0000 0.0000 0.9118 -0.0882 0.9706 0.1765 0.8235 0.0882 0.9118 -0.0294 0.9706 -0.1765 0.9706 0.1471 0.9412 0.0294 1.0000 0.0000 1.0000 0.0000 0.7647 0.1177 0.8823 0.0294 0.8529 0.0294 0.9266 0.0260 0.9412 -0.1177 0.9706 0.0588 0.9118 0.0588
1.0000 1.0000 0.0000 0.4737 -0.1053 0.8378 0.0176 0.8316 0.0261 0.6842 -0.0526 0.6842 0.0000 0.7986 0.0503 0.7832 0.0576 0.8421 0.4737 1.0000 0.0526 0.7255 0.0763 0.7030 0.0814 0.4210 0.2105 0.6542 0.0897 0.5263 -0.2105 0.6015 0.0953 0.5742 0.0972
1.0000 1.0000 0.0000 1.0000 0.4546 1.0000 0.5454 0.8182 0.6364 1.0000 -0.0909 1.0000 0.0000 0.8182 -0.4546 0.6364 0.2727 1.0000 -0.6364 1.0000 -0.2727 0.9091 -0.4546 1.0000 0.0775 1.0000 -0.0909 1.0000 0.0887 1.0000 0.3636 1.0000 0.6364 0.7273 0.2727
1.0000 1.0000 0.0000 0.4546 0.0909 0.6364 0.0909 0.2727 0.1818 0.6364 0.0000 0.3636 -0.0909 0.4546 -0.0909 0.4861 -0.0134 0.6364 -0.1818 0.4546 0.0000 0.3636 -0.0909 0.2727 0.1818 0.3636 -0.0909 0.3444 -0.0177 0.2727 0.0000 0.3636 0.0000 0.2898 -0.0183
1.0000 1.0000 0.0000 1.0000 0.1429 1.0000 0.7143 1.0000 0.7143 1.0000 -0.1429 0.8571 -0.1429 1.0000 0.0253 1.0000 0.0000 0.4286 -0.1429 1.0000 0.0362 1.0000 -0.2857 1.0000 0.0000 0.2857 -0.2857 1.0000 0.0489 1.0000 0.0518 1.0000 0.5714 1.0000 0.0000
1.0000 1.0000 0.0000 0.8703 0.4697 0.5394 0.8216 0.1038 0.9527 -0.3803 0.8792 -0.7394 0.5823 -0.9210 0.1673 -0.8242 -0.2494 -0.5938 -0.6334 -0.2401 -0.8288 0.1882 -0.7870 0.5156 -0.5743 0.6927 -0.2484 0.6910 0.1048 0.5280 0.3976 0.2597 0.5657 -0.0674 0.5755
1.0000 1.0000 0.0000 0.9266 0.0417 0.8927 0.1577 0.8610 0.1979 0.8367 0.3653 0.8062 0.4020 0.7622 0.4055 0.6659 0.4836 0.6010 0.5175 0.5339 0.5218 0.4844 0.5421 0.4255 0.5568 0.3334 0.5527 0.2698 0.5421 0.2231 0.5345 0.1431 0.4912 0.1157 0.4657
1.0000 1.0000 0.0000 0.9354 0.1364 0.9372 0.2536 0.8570 0.3878 0.7904 0.4713 0.7235 0.5994 0.6526 0.7500 0.5083 0.7359 0.4163 0.8274 0.2554 0.8595 0.1371 0.8561 0.0049 0.8887 -0.0736 0.7978 -0.2099 0.7800 -0.3317 0.7145 -0.3853 0.6436 -0.4742 0.5584
1.0000 1.0000 0.0000 0.8063 0.1307 0.7306 0.2432 0.6462 0.1904 0.3692 0.4558 0.4479 0.4644 0.2500 0.5731 0.2519 0.3711 0.1522 0.5188 -0.0981 0.5750 -0.0346 0.4289 -0.0886 0.4442 -0.1494 0.4001 -0.1994 0.3498 -0.2383 0.2954 -0.2663 0.2390 -0.2385 0.3115
1.0000 1.0000 0.0000 0.9747 0.1308 0.9412 0.2004 0.8878 0.3225 0.8901 0.3271 0.8555 0.4522 0.7230 0.5228 0.6995 0.5882 0.5855 0.6689 0.4887 0.7040 0.4425 0.6816 0.3529 0.7562 0.2683 0.7621 0.1681 0.7854 0.0750 0.8044 -0.0296 0.7770 -0.1029 0.7424
1.0000 1.0000 0.0000 0.9231 0.1545 0.8640 0.2976 0.7258 0.3679 0.7059 0.5683 0.5745 0.6272 0.4327 0.7468 0.3170 0.6770 0.1913 0.7682 0.0469 0.7617 -0.1206 0.7697 -0.1848 0.7133 -0.2929 0.6571 -0.3880 0.5855 -0.4680 0.5013 -0.5315 0.4073 -0.5623 0.3509
1.0000 1.0000 0.0000 0.8880 0.3814 0.6593 0.6943 0.2915 0.8789 -0.0673 0.9013 -0.3960 0.8044 -0.6457 0.5650 -0.8296 0.2691 -0.7894 -0.0820 -0.6278 -0.3094 -0.4664 -0.5561 -0.1645 -0.6434 0.0956 -0.6106 0.3041 -0.4839 0.4323 -0.2984 0.4703 -0.0946 0.4215 0.1256
1.0000 1.0000 0.0000 0.7352 -0.3829 0.8015 0.1028 0.7883 0.1527 0.5558 0.0525 1.0000 0.2122 0.7195 0.2895 0.6880 0.3292 0.4967 0.1729 0.6433 -0.0284 0.5740 0.4253 0.5312 0.4487 0.9453 0.5755 0.4417 0.4820 0.1247 1.0000 0.3507 0.4972 0.3059 0.4983
1.0000 1.0000 0.0000 0.9465 0.0089 0.9729 -0.0026 0.9892 0.0037 0.9580 0.0160 0.9405 0.0353 0.9721 0.0472 0.9862 0.0186 0.9428 0.0713 0.9855 -0.0071 0.9777 0.0498 0.9636 0.0710 0.9327 0.0810 0.9524 0.0436 0.9747 0.0082 0.9785 0.0706 1.0000 -0.0026
1.0000 1.0000 0.0000 0.5047 -0.1690 0.7144 0.0151 0.7106 0.0226 0.6806 0.0128 0.3462 0.0559 0.6905 0.0439 0.6810 0.0506 0.6702 0.0569 0.6340 -0.0466 0.6450 0.0686 0.6308 0.0738 0.8403 0.1807 0.5994 0.0830 0.3823 0.0676 0.5647 0.0905 0.5463 0.0935
1.0000 1.0000 0.0000 0.7630 -0.0778 1.0000 -0.2963 1.0000 -0.8574 0.8000 0.0611 0.4556 -0.4278 1.0000 -0.1258 1.0000 -0.8352 0.4926 0.0185 0.8222 -0.0593 0.9821 -0.1994 1.0000 0.2204 0.6963 -0.2648 0.9215 -0.2455 0.7889 0.0204 0.8749 -0.2711 1.0000 -0.5704
1.0000 1.0000 0.0000 0.5754 -0.0318 0.7520 -0.0536 0.6151 -0.0119 0.5397 0.0337 0.6171 0.0992 0.5913 -0.0238 0.6270 0.0119 0.7083 0.0258 0.6032 0.0159 0.4782 -0.0278 0.5913 0.0377 0.5000 0.0397 0.6129 -0.0124 0.6171 -0.1349 0.6885 -0.0139 0.6250 -0.0318
1.0000 1.0000 0.0000 0.6186 0.1085 0.7069 -0.0693 0.7036 0.0168 0.7427 0.0022 0.7103 0.1577 0.7159 -0.0022 0.7975 0.0660 0.8367 -0.1656 0.6868 -0.0906 0.6253 -0.0134 0.6096 0.1174 0.7125 -0.0951 0.6985 -0.0167 0.6331 0.0481 0.7886 -0.0515 0.6521 -0.0470
1.0000 1.0000 0.0000 0.8810 -0.0086 0.8982 -0.0246 0.9411 -0.0182 0.8918 -0.1275 0.8221 -0.1093 0.8885 0.0118 0.9078 -0.1372 0.8714 -0.0611 0.9078 -0.0236 0.8800 -0.1458 0.8285 -0.1243 0.9014 -0.1951 0.8824 -0.1490 0.8435 -0.1286 0.8842 -0.1854 0.9175 -0.1683
1.0000 1.0000 0.0000 0.8885 0.0163 0.9201 0.0131 0.9244 0.0136 0.8918 -0.1022 0.9010 -0.0843 0.9304 -0.0103 0.9309 -0.0892 0.8602 -0.0506 0.8945 -0.0402 0.8842 -0.1213 0.8891 -0.1191 0.8298 -0.1414 0.8645 -0.1181 0.8554 -0.1305 0.8352 -0.1245 0.8679 -0.1224
1.0000 1.0000 0.0000 0.8114 0.0371 0.8514 -0.0014 0.7900 0.0071 0.7957 -0.0429 0.8757 0.0000 0.8557 -0.0671 0.8643 0.0029 0.8286 -0.0543 0.8100 -0.1186 0.7686 -0.0843 0.8429 -0.0500 0.7700 -0.0686 0.8160 -0.0867 0.8257 -0.1043 0.8143 -0.0500 0.8214 -0.1514
1.0000 1.0000 0.0000 0.4987 0.0182 0.4312 -0.0961 0.5065 -0.0416 0.5013 0.0961 0.4467 0.0597 0.5584 -0.1195 0.5169 -0.0364 0.5273 -0.0597 0.5533 -0.0104 0.4857 -0.0338 0.4909 -0.0104 0.5922 0.0000 0.5322 -0.0328 0.4312 0.0338 0.5454 -0.0546 0.5896 -0.0857
1.0000 1.0000 0.0000 1.0000 0.5000 1.0000 0.2500 0.2500 1.0000 0.1685 0.9118 -0.1334 0.8045 -0.3411 0.6079 -0.4382 0.3786 -0.4366 0.1671 -0.3668 0.0068 -0.2648 -0.0902 -0.1618 -0.1296 -0.0778 -0.1274 -0.0209 -0.1024 0.0103 -0.0704 0.0222 -0.0414 0.0225 -0.0202
1.0000 1.0000 0.0000 0.8705 0.3803 0.6410 0.6921 0.3135 0.8662 -0.0393 0.9074 -0.4217 0.7935 -0.7056 0.5156 -0.8105 0.2273 -0.8114 -0.1254 -0.6747 -0.3810 -0.3833 -0.6286 -0.1301 -0.7076 0.1555 -0.6642 0.3854 -0.5157 0.5257 -0.2990 0.5624 -0.0594 0.5146 0.1664
1.0000 1.0000 0.0000 0.8818 0.4349 0.5957 0.7765 0.1967 0.9454 -0.2410 0.9254 -0.6253 0.7126 -0.8644 0.3365 -0.9238 -0.0534 -0.7736 -0.4471 -0.4695 -0.7329 -0.1024 -0.8222 0.2638 -0.7757 0.5598 -0.5591 0.7215 -0.2443 0.7248 0.0960 0.5814 0.3891 0.3475 0.5766
1.0000 1.0000 0.0000 0.3283 0.0252 0.1524 0.2128 0.1492 0.7400 -0.2571 0.9232 -0.1031 0.1938 -0.6135 0.2579 -0.9405 -0.0541 -0.1312 -0.1433 -0.3031 -0.4461 -0.1141 -0.8560 0.0267 -0.2279 0.2794 -0.0630 0.3374 -0.1188 0.2766 -0.1141 0.1508 0.1330 0.1220 0.2047
1.0000 1.0000 0.0000 0.8343 0.3912 0.5404 0.7858 0.1233 0.8940 -0.3322 0.8358 -0.7009 0.5956 -0.8662 0.2191 -0.8444 -0.2416 -0.5971 -0.6189 -0.1935 -0.8779 0.1244 -0.8906 0.5111 -0.7245 0.7914 -0.2773 0.8301 0.0872 0.6659 0.4908 0.3754 0.7001 -0.0398 0.7944
1.0000 1.0000 0.0000 0.6233 -0.0349 0.5908 0.0048 0.6041 -0.0746 0.6318 0.0096 0.6246 -0.0746 0.6703 0.0722 0.6294 -0.0842 0.6751 0.0915 0.6715 0.0000 0.5897 0.1011 0.5006 0.0313 0.6594 0.1408 0.6046 0.0202 0.5138 0.0445 0.6173 -0.0096 0.6137 -0.0915
1.0000 1.0000 0.0000 0.7445 -0.0239 0.7077 0.0331 0.7224 0.1691 0.7923 0.0772 0.8143 0.4393 0.6379 0.0055 0.7077 0.2169 1.0000 0.0607 0.6103 0.0515 0.6746 0.0423 0.5202 -0.2500 0.7298 -0.1581 0.6173 0.0712 0.3088 0.0864 0.5592 0.0746 0.6029 0.2169
1.0000 1.0000 0.0000 0.6154 0.1892 0.7816 0.0178 0.7749 0.0265 0.6508 -0.1031 0.7754 0.0800 0.7396 0.0506 0.7232 0.0578 0.6862 -0.0892 0.6169 0.1631 0.6623 0.0757 0.6388 0.0804 0.6015 -0.0723 0.5880 0.0877 0.5508 0.2569 0.5339 0.0921 0.5061 0.0932
1.0000 1.0000 0.0000 0.6832 0.0537 0.8480 0.0020 0.8434 0.0030 0.8430 0.0990 0.7581 0.0410 0.8189 0.0059 0.8074 0.0067 0.8062 -0.1245 0.7793 -0.0354 0.7637 0.0091 0.7463 0.0098 0.7963 -0.0424 0.7082 0.0110 0.6223 0.1160 0.6662 0.0119 0.6441 0.0123
1.0000 1.0000 0.0000 0.5000 0.0000 0.3870 0.1043 0.4913 0.0652 0.4696 -0.0391 0.3565 -0.1261 0.4565 0.0478 0.5043 0.0261 0.3565 0.1956 0.4217 0.1478 0.4217 -0.0261 0.3217 -0.1130 0.4739 -0.0087 0.4179 0.0691 0.3870 0.0391 0.3522 0.1478 0.4478 0.1739
1.0000 1.0000 0.0000 0.7983 0.0942 0.7813 0.2066 0.7163 0.2807 0.6932 0.4125 0.6592 0.5012 0.5790 0.6081 0.4921 0.5845 0.3335 0.6786 0.2959 0.6355 0.0960 0.6810 0.0207 0.7224 -0.0875 0.6318 -0.1192 0.6070 -0.1823 0.5602 -0.2552 0.5170 -0.2734 0.4247
1.0000 1.0000 0.0000 1.0000 0.0980 1.0000 0.2510 0.9839 0.3304 0.8036 0.5302 0.7498 0.6030 0.5694 0.7194 0.5531 0.7408 0.2945 0.8219 0.2114 0.7978 0.0971 0.8216 -0.0173 0.7987 -0.1514 0.7560 -0.2284 0.6919 -0.3171 0.6095 -0.4029 0.5452 -0.4281 0.4453
1.0000 1.0000 0.0000 0.8941 0.1343 0.8700 0.3154 0.7890 0.4339 0.6339 0.5998 0.5400 0.7102 0.3970 0.7616 0.2427 0.7952 0.0913 0.7960 -0.0916 0.7626 -0.2020 0.6693 -0.3026 0.6261 -0.4055 0.5049 -0.4622 0.4075 -0.5031 0.2725 -0.5282 0.1917 -0.4881 0.0597
1.0000 1.0000 0.0000 0.9463 0.1750 0.9095 0.3314 0.8510 0.4996 0.7368 0.6384 0.5921 0.7384 0.4870 0.8361 0.3046 0.9066 0.1796 0.9343 -0.0070 0.9311 -0.1888 0.8938 -0.3302 0.8249 -0.4653 0.7648 -0.5856 0.6633 -0.6793 0.5256 -0.7532 0.4249 -0.8121 0.2609
1.0000 1.0000 0.0000 0.9177 0.1820 0.8609 0.3554 0.7287 0.4575 0.6042 0.6986 0.5038 0.7492 0.3610 0.8179 0.1566 0.8356 0.0040 0.8521 -0.1639 0.7785 -0.3600 0.7619 -0.4309 0.6539 -0.5314 0.5389 -0.6033 0.4097 -0.6451 0.2734 -0.6571 0.1367 -0.6406 0.0539
1.0000 1.0000 0.0000 0.7663 0.2111 0.6393 0.3811 0.4841 0.5250 0.1500 0.2227 0.1375 0.5957 -0.0773 0.4455 0.0000 0.4864 -0.2749 0.4201 -0.5614 0.3682 -0.3659 0.1886 -0.4053 0.0759 -0.3848 -0.0323 -0.3394 -0.1249 -0.2754 -0.1971 -0.1996 -0.2465 -0.1189 -0.2722
1.0000 1.0000 0.0000 0.5894 -0.6093 0.8543 0.5530 0.8113 0.0728 0.5662 0.1623 0.3278 0.2417 0.5033 0.1225 0.6391 0.1987 0.7185 0.4271 0.5431 0.1391 0.6523 0.2782 0.6887 0.0728 0.5187 0.2665 0.4901 0.2769 0.4622 0.2857 0.4348 0.2932 0.4082 0.2994
1.0000 1.0000 0.0000 1.0000 0.1139 0.7002 -0.1214 0.8159 0.0968 0.7116 0.0114 0.5617 -0.0778 0.6907 0.1252 0.5863 0.0398 0.5313 -0.0342 0.6945 0.1689 0.7268 0.0721 0.3207 0.0588 0.5332 0.3738 0.4909 0.1795 0.1518 0.3245 0.4414 0.1890 0.5617 0.1518
1.0000 1.0000 0.0000 0.8484 0.0679 0.8056 -0.0230 0.7703 -0.0330 0.6673 -0.0662 0.5958 -0.0767 0.6726 -0.0577 0.6426 -0.0644 0.3920 0.0453 0.7125 0.0139 0.5597 -0.0804 0.5343 -0.0845 0.4704 -0.2282 0.4866 -0.0913 0.5261 -0.0854 0.4428 -0.0962 0.4222 -0.0981
1.0000 1.0000 0.0000 1.0000 0.0801 0.9677 -0.0048 0.9668 -0.0072 0.8798 -0.0392 1.0000 0.0142 0.9619 -0.0144 0.9595 -0.0167 0.9850 0.0100 0.9115 -0.0885 0.9502 -0.0236 0.9464 -0.0259 0.9816 0.0200 0.9377 -0.0303 1.0000 -0.0584 0.9277 -0.0346 0.9223 -0.0367
1.0000 1.0000 0.0000 0.4794 -0.1237 0.4278 -0.1237 0.7010 -0.3917 0.7320 0.0722 0.2629 -0.2165 0.4949 0.1598 0.4536 -0.1186 0.4227 0.0619 0.5000 -0.2732 0.5464 0.1856 0.4227 0.0825 0.7062 0.1959 0.5340 -0.1245 0.1546 -0.2629 0.4742 0.0412 0.4536 -0.5155
1.0000 1.0000 0.0000 0.6351 -0.0439 0.7653 0.0297 0.6143 0.3603 0.6536 -0.0046 0.6420 0.0831 0.7945 -0.4342 0.7252 0.5496 0.5958 0.1386 0.6351 0.2194 0.6328 -0.2540 0.7095 0.1536 0.6466 0.2309 0.6877 0.1770 0.6166 0.0762 0.6632 0.1984 0.6905 0.3672
1.0000 1.0000 0.0000 0.5011 -0.0360 0.6112 0.0135 0.5888 0.0157 0.5888 0.0247 0.6674 -0.0045 0.7168 -0.0472 0.6652 0.0090 0.5730 0.0247 0.6472 -0.0742 0.5685 0.1416 0.5753 -0.0360 0.4652 0.0494 0.5659 0.0082 0.4764 -0.0360 0.5461 0.1056 0.6067 -0.0809
1.0000 1.0000 0.0000 0.7152 -0.0065 0.6667 -0.0421 0.6311 -0.0518 0.7799 0.0809 0.6731 0.0971 0.6472 0.1586 0.6019 -0.0194 0.5437 -0.0453 0.4693 -0.1003 0.6472 0.1489 0.3916 0.2168 0.5243 -0.0550 0.4511 0.0004 0.3139 -0.0680 0.4919 -0.1068 0.3042 -0.0518
1.0000 1.0000 0.0000 0.6815 0.1037 0.7704 0.0346 0.6519 0.0815 0.6099 -0.0049 0.7901 0.1185 0.5975 0.0494 0.6247 0.0963 0.7827 -0.1753 0.7383 -0.1086 0.4864 0.0099 0.6099 0.0815 0.6667 -0.1284 0.6377 -0.0245 0.7654 0.0222 0.6123 -0.0716 0.5136 -0.0469
1.0000 1.0000 0.0000 0.6068 -0.0271 0.6712 0.0407 0.5288 -0.0441 0.5051 0.0373 0.7051 -0.0780 0.5797 -0.0203 0.5322 0.0780 0.6407 0.1186 0.5695 -0.0237 0.5322 0.0068 0.7153 -0.0339 0.5288 -0.0339 0.5726 0.0075 0.5864 -0.0034 0.5898 -0.0271 0.5017 0.0678
1.0000 1.0000 0.0000 0.4951 0.0971 0.2961 0.0583 0.3495 0.0000 0.5728 -0.0243 0.5825 0.0243 0.3350 0.0485 0.5243 0.0049 0.4709 -0.1068 0.4320 0.0049 0.3495 0.0583 0.1893 0.2573 0.3107 -0.1505 0.3655 0.0382 0.3932 0.1748 0.2621 0.0000 0.3738 -0.0194
1.0000 1.0000 0.0000 0.9882 0.0219 0.9310 0.3410 0.8390 0.3522 0.7471 0.4891 0.7358 0.5188 0.5508 0.6018 0.4313 0.6624 0.3180 0.7044 0.2838 0.6887 0.0751 0.7370 0.0634 0.7128 -0.1649 0.6971 -0.1656 0.6051 -0.1621 0.5581 -0.3472 0.4420 -0.3348 0.3746
1.0000 1.0000 0.0000 0.9790 0.1581 0.9011 0.3524 0.8204 0.4856 0.7176 0.6489 0.5883 0.7374 0.4035 0.8316 0.2514 0.8480 0.0470 0.8548 -0.1219 0.7975 -0.2618 0.8075 -0.3784 0.7168 -0.5103 0.5832 -0.5759 0.4604 -0.6190 0.3080 -0.6575 0.1835 -0.6413 0.0297
1.0000 1.0000 0.0000 0.9970 0.2168 0.9197 0.4703 0.7690 0.6241 0.5331 0.7812 0.3677 0.8829 0.1011 0.8331 -0.0683 0.8927 -0.2827 0.7207 -0.4371 0.6169 -0.5577 0.4812 -0.6500 0.3553 -0.6466 0.1591 -0.6665 0.0228 -0.6487 -0.1346 -0.5462 -0.2295 -0.4720 -0.3503
1.0000 1.0000 0.0000 0.9433 0.1996 0.9613 0.4080 0.8051 0.5657 0.5669 0.7083 0.4184 0.8323 0.1494 0.8949 0.0517 0.9368 -0.2474 0.8394 -0.4281 0.7555 -0.5025 0.6256 -0.6552 0.5043 -0.6885 0.3091 -0.7710 0.1562 -0.7541 -0.0440 -0.7520 -0.1792 -0.6693 -0.3437
1.0000 1.0000 0.0000 0.9397 0.2808 0.8049 0.5282 0.5817 0.7315 0.3496 0.8051 0.1080 0.9040 -0.2001 0.8933 -0.3973 0.8216 -0.5884 0.6287 -0.7631 0.4037 -0.8126 0.1889 -0.8132 -0.0428 -0.7527 -0.2688 -0.6324 -0.4644 -0.4642 -0.6145 -0.2639 -0.7084 -0.0894 -0.7127
1.0000 1.0000 0.0000 0.8983 0.3516 0.6733 0.6223 0.4390 0.9435 -0.0364 0.8051 -0.2284 0.7533 -0.2514 0.4882 -0.5738 0.2842 -0.6675 0.1059 -0.4736 -0.0619 -0.8106 -0.0601 -0.3320 -0.4759 -0.1290 -0.5362 0.0716 -0.5192 0.2432 -0.4348 0.3659 -0.3006 0.4280 0.1330
1.0000 1.0000 0.0000 0.2907 0.1003 0.2331 0.1729 0.0376 0.3434 0.1203 0.2632 0.0627 0.2130 -0.0473 0.1277 -0.0633 0.0791 -0.0633 0.0410 -0.0543 0.0141 -0.0417 -0.0028 -0.0288 -0.0118 -0.0175 -0.0150 -0.0089 -0.0147 -0.0028 -0.0125 0.0010 -0.0095 0.0029 -0.0065
1.0000 1.0000 0.0000 0.5846 -0.3553 1.0000 0.3534 0.7538 -0.0056 0.8252 0.1936 0.5019 -0.2763 0.6598 0.0639 0.6974 0.1466 0.7237 -0.4267 0.7613 0.0451 0.6692 0.2049 0.8477 -0.4098 0.6485 -0.0470 0.5684 -0.1057 0.5282 -0.1335 0.1560 -0.1222 0.4477 -0.1031
1.0000 1.0000 0.0000 0.8361 0.1321 0.7217 0.0606 0.6583 0.0832 0.2389 0.1296 0.4384 0.2033 0.4942 0.1269 0.4475 0.1351 0.2935 0.0292 0.4816 0.1576 0.3283 0.1462 0.2949 0.1464 0.2644 0.1453 0.2364 0.1431 0.2643 0.1614 0.1877 0.1363 0.1666 0.1320
1.0000 1.0000 0.0000 0.9408 0.1193 0.8574 0.0104 0.8512 0.0155 0.7697 -0.0028 0.8446 0.1092 0.8329 0.0303 0.8268 0.0351 0.7484 0.0194 0.8002 0.0240 0.8086 0.0490 0.8026 0.0535 0.7734 0.0222 0.7906 0.0624 0.8594 0.0925 0.7786 0.0709 0.7727 0.0751
1.0000 1.0000 0.0000 0.8711 0.0433 0.7995 0.1830 0.9901 0.2929 0.8945 -0.0834 0.8860 -0.0203 0.9045 -0.2672 0.8941 0.1996 0.8864 -0.0464 0.8445 -0.0099 0.9788 -0.3402 0.7895 -0.2510 0.8666 -0.0919 0.8597 -0.0291 0.7877 -0.0410 0.7593 0.2181 0.8824 0.0919
1.0000 1.0000 0.0000 0.7492 0.0255 0.9899 0.0979 0.7585 0.1288 0.7431 -0.0919 0.9584 0.0248 0.9792 -0.0047 0.9611 0.1019 0.9148 0.0376 0.7103 0.0268 0.8122 -0.0805 1.0000 0.0000 0.7176 -0.0121 0.8227 0.0255 0.7244 -0.0107 0.9041 0.1107 0.7284 0.0275
1.0000 1.0000 0.0000 0.4734 0.1953 0.0621 -0.1834 0.6232 0.0101 0.4556 -0.0444 0.5651 0.0177 0.4467 0.2752 0.7160 -0.0385 0.5562 0.1243 0.4142 0.1154 0.5277 0.0284 0.5118 -0.1065 0.4793 -0.0237 0.4651 0.0326 0.5355 0.2515 0.3195 -0.1450 0.3462 -0.0030
1.0000 1.0000 0.0000 0.5989 0.1469 0.6987 -0.1394 0.8512 -0.1394 0.8098 0.0245 0.5047 0.0283 0.6742 -0.0452 0.8079 -0.1375 0.5141 -0.2448 0.8154 -0.1431 0.7025 -0.0038 0.3333 0.0621 0.5612 -0.3315 0.6144 -0.1684 0.5273 -0.0207 0.5386 -0.3126 0.6742 -0.2203
1.0000 1.0000 0.0000 0.8471 -0.0340 0.8641 -0.0849 0.8195 0.0000 0.7367 -0.0764 0.7198 -0.1359 0.7495 -0.1168 0.7750 -0.1868 0.7813 -0.2123 0.6200 -0.1019 0.7919 -0.1571 0.8938 -0.0340 0.8493 -0.2611 0.7411 -0.2331 0.6624 -0.2229 0.7261 -0.3779 0.6582 -0.2484
1.0000 1.0000 0.0000 0.8777 -0.0815 0.8342 0.0734 0.8478 0.0408 0.7717 -0.0217 0.7717 -0.0571 0.8234 -0.1060 0.6794 -0.0054 0.8804 -0.2092 0.8342 0.0326 0.8641 -0.0598 0.9728 -0.2799 0.8505 -0.1875 0.8370 -0.1021 0.8587 -0.0326 0.7853 -0.1087 0.7908 -0.0054
1.0000 1.0000 0.0000 0.7470 -0.1324 0.5375 0.1700 0.7273 0.0949 0.6956 -0.1107 0.6680 -0.2352 0.8794 -0.1917 0.7371 0.0415 0.6304 -0.0040 0.6364 -0.1186 0.7925 -0.2530 0.6640 -0.2866 0.6719 -0.1047 0.6185 -0.1204 0.6008 -0.2095 0.3755 0.0692 0.6107 -0.0138
1.0000 1.0000 0.0000 0.4678 0.1131 0.5898 0.0066 0.5543 0.0687 0.4789 -0.1397 0.5299 0.0133 0.6386 -0.1619 0.6785 -0.0333 0.5454 -0.1353 0.5299 -0.0466 0.4789 -0.1951 0.5078 -0.1353 0.4146 -0.2018 0.5393 -0.1145 0.5987 -0.0288 0.5366 -0.1175 0.5632 -0.0444
1.0000 1.0000 0.0000 0.8812 0.2747 0.7212 0.4288 0.6156 0.6366 0.3882 0.9050 0.0983 0.9613 -0.2010 0.8920 -0.3574 0.7750 -0.6511 0.6221 -0.7877 0.4553 -0.8186 0.1910 -0.8394 -0.0808 -0.7833 -0.2636 -0.6756 -0.4551 -0.5473 -0.6086 -0.3051 -0.6670 -0.1931 -0.7560
1.0000 1.0000 0.0000 0.9315 0.2928 0.7992 0.5576 0.5995 0.7160 0.2620 0.9265 0.0464 0.9675 -0.2324 0.9513 -0.5593 0.8102 -0.7333 0.6239 -0.9100 0.3620 -0.9225 0.0604 -0.9362 -0.1984 -0.8319 -0.4691 -0.6516 -0.6956 -0.4122 -0.8572 -0.1359 -0.9395 0.1001 -0.9482
1.0000 1.0000 0.0000 0.8824 0.3063 0.7323 0.5782 0.3411 0.5853 0.0572 1.0000 -0.0924 0.9212 -0.6240 0.7200 -0.6977 0.3256 -0.8142 0.4119 -1.0000 -0.0077 -0.7897 -0.4108 -0.7690 -0.4548 -0.5724 -0.6761 -0.3161 -0.8188 -0.0298 -0.8684 0.2539 -0.8213 0.0019 -0.8169
1.0000 1.0000 0.0000 0.8348 0.2899 0.6926 0.4770 0.4923 0.6838 0.2199 0.8676 -0.0810 0.8501 -0.3556 0.7768 -0.5273 0.5843 -0.7035 0.3129 -0.7582 0.0394 -0.7123 -0.1532 -0.5831 -0.3917 -0.3720 -0.5295 -0.1695 -0.6086 0.0843 -0.6149 0.2516 -0.4847 0.4059 -0.3534
1.0000 1.0000 0.0000 0.9287 0.3316 0.7617 0.6235 0.4930 0.8427 0.2159 0.9519 -0.1396 0.9617 -0.4720 0.8359 -0.7075 0.6549 -0.8747 0.3675 -0.9181 0.0559 -0.8982 -0.2617 -0.7397 -0.5407 -0.5076 -0.7473 -0.2232 -0.8612 0.0781 -0.8716 0.3602 -0.7806 0.5941 -0.6027
1.0000 1.0000 0.0000 0.8337 0.3146 0.6554 0.5767 0.3496 0.7068 0.1729 0.7895 -0.1898 0.7989 -0.4173 0.6654 -0.6842 0.4774 -0.7472 0.1949 -0.7218 -0.0489 -0.6203 -0.2819 -0.4916 -0.5346 -0.2658 -0.6601 -0.0153 -0.6971 0.2271 -0.6443 0.4310 -0.5121 0.6466 -0.3008
1.0000 1.0000 0.0000 0.9846 -0.0274 0.9806 -0.0410 1.0000 -0.0764 0.9872 0.0146 0.9528 -0.0260 0.9850 -0.0746 0.9938 -0.0715 0.9740 -0.0953 0.9726 -0.1222 0.9929 -0.0525 0.9528 -0.0891 0.9735 -0.0834 0.9665 -0.1291 0.9347 -0.1492 0.9713 -0.1575 0.9678 -0.1880
1.0000 1.0000 0.0000 0.9405 -0.0153 0.9417 0.0100 0.9499 -0.0147 0.9588 -0.0106 0.9464 -0.0371 0.9717 -0.0177 0.9706 -0.0389 0.9546 -0.0406 0.9523 -0.0471 0.9423 -0.0218 0.9282 -0.0442 0.9205 -0.0448 0.9270 -0.0583 0.9034 -0.0748 0.9199 -0.0724 0.9205 -0.0742
1.0000 1.0000 0.0000 0.9703 -0.1438 0.9132 -0.0023 0.9657 -0.1712 0.9863 0.1827 0.9178 0.0023 0.9361 -0.0845 0.9132 -0.0023 0.8676 -0.0868 0.9703 -0.2123 1.0000 0.1027 0.9201 -0.0525 0.9247 0.0685 0.9404 -0.0925 0.9703 -0.2009 0.8539 -0.0868 0.9657 -0.2192
1.0000 1.0000 0.0000 0.5254 -0.0339 0.9492 0.0848 0.5254 -0.1695 0.3051 -0.0169 0.5085 -0.1356 0.6441 0.2881 0.8305 -0.3559 0.5424 0.0169 0.5593 0.0339 0.5932 0.3051 0.8644 0.0508 0.4068 0.1525 0.6729 -0.0027 0.6610 -0.0339 0.8305 -0.1525 0.7627 -0.1017
1.0000 1.0000 0.0000 0.3333 -0.2500 0.4444 0.2222 0.3889 0.1667 0.4167 0.1389 0.5000 -0.1111 0.5491 -0.0844 0.5833 0.3333 0.5556 0.0278 0.2500 -0.1944 0.4722 -0.0556 0.5278 -0.0278 0.3889 0.0833 0.4154 -0.1426 0.1944 -0.1389 0.3692 -0.1481 0.0833 -0.5000
1.0000 1.0000 0.0000 0.5121 1.0000 1.0000 0.5381 0.7118 0.8083 0.4562 0.4643 0.3308 1.0000 0.2125 1.0000 -0.1742 1.0000 -0.3308 0.9872 -0.6138 1.0000 -0.5267 0.7170 -0.8850 0.4789 -1.0000 0.3518 -1.0000 0.0957 -1.0000 -0.1671 -1.0000 -0.4223 -0.9190 -0.6556
1.0000 1.0000 0.0000 0.7556 0.4964 0.8355 0.5430 0.5492 0.7206 0.3523 0.7079 0.1347 0.9475 -0.0982 0.9378 -0.3760 0.8222 -0.5274 0.7116 -0.6836 0.6799 -0.7016 0.2496 -0.7915 0.0300 -0.9899 -0.2910 -0.7035 -0.3279 -0.6331 -0.1918 -0.3413 -0.6045 -0.1961 -0.6296
1.0000 1.0000 0.0000 0.8379 0.4290 0.7211 0.5838 0.4562 0.7812 0.1647 0.8273 -0.1301 0.8695 -0.4618 0.7850 -0.5944 0.5207 -0.7847 0.2653 -0.8401 0.0393 -0.6204 -0.3135 -0.4741 -0.4890 -0.3730 -0.6780 -0.0505 -0.6269 0.1469 -0.4591 0.3709 -0.3917 0.4832 -0.2431
1.0000 1.0000 0.0000 0.9366 0.3511 0.7525 0.6564 0.4557 0.8858 0.1532 0.9578 -0.2177 0.9630 -0.5654 0.8340 -0.7875 0.5805 -0.9310 0.2602 -0.9364 -0.0642 -0.8703 -0.4095 -0.6508 -0.6746 -0.3680 -0.8495 -0.0458 -0.9122 0.2733 -0.8576 0.5483 -0.6961 0.7483 -0.4417
1.0000 1.0000 0.0000 0.9244 0.3692 0.7198 0.6842 0.2930 0.9408 -0.1111 0.7653 -0.3160 0.9245 -0.6662 0.7877 -0.9214 0.4231 -0.9432 0.0959 -1.0000 0.0319 -0.6643 -0.6628 -0.4601 -0.7817 -0.1349 -0.8808 0.1976 -0.8514 0.4890 -0.7025 0.6989 -0.4605 0.7607 -0.1319
1.0000 1.0000 0.0000 1.0000 0.1620 1.0000 -0.0556 1.0000 0.0137 1.0000 -0.1235 1.0000 -0.0151 1.0000 -0.0173 1.0000 -0.0637 1.0000 -0.0716 1.0000 0.0590 1.0000 -0.1011 1.0000 -0.0268 1.0000 -0.2298 1.0000 -0.0682 1.0000 0.0830 1.0000 -0.1419 1.0000 -0.0744
1.0000 1.0000 0.0000 0.9556 -0.0015 0.8642 -0.1324 0.9498 -0.0046 0.8281 -0.5117 0.9244 0.1037 1.0000 -0.1425 0.9926 -0.0254 0.9585 -0.1552 0.8401 0.6174 1.0000 -0.1632 0.8749 -0.0849 0.8574 -0.0166 0.8413 -0.0177 0.8243 -0.0187 0.8063 -0.0196 0.7876 -0.0204
1.0000 1.0000 0.0000 0.7938 0.2949 0.6406 0.5231 0.4132 0.6816 0.1418 0.8355 -0.1683 0.7877 -0.4291 0.7233 -0.5716 0.4147 -0.7544 0.1676 -0.6998 -0.0986 -0.5769 -0.2350 -0.4064 -0.3829 -0.1744 -0.5254 0.0152 -0.4871 0.1903 -0.3806 0.3101 -0.2320 0.3457 -0.0804
1.0000 1.0000 0.0000 0.8809 0.3523 0.6839 0.6513 0.3482 0.7978 0.0583 0.9084 -0.2978 0.8649 -0.6263 0.6959 -0.7711 0.3931 -0.8580 0.0841 -0.8164 -0.2402 -0.6458 -0.5002 -0.3977 -0.6834 -0.1115 -0.7553 0.1704 -0.7150 0.4068 -0.5765 0.5663 -0.3676 0.6277 -0.1331
1.0000 1.0000 0.0000 0.8959 0.3929 0.6613 0.7180 0.2952 0.9082 -0.0479 0.9442 -0.4572 0.8460 -0.7766 0.5851 -0.9282 0.2513 -0.9228 -0.1532 -0.7606 -0.4840 -0.5093 -0.7620 -0.1489 -0.8859 0.2158 -0.8570 0.5323 -0.6859 0.7485 -0.4066 0.8314 -0.0703 0.7686 0.2793
1.0000 1.0000 0.0000 1.0000 -0.2405 1.0000 -0.2025 0.8734 -0.1013 0.8861 0.0127 1.0000 0.1139 0.9241 0.0633 0.8481 -0.0380 0.6329 -0.3671 0.8734 -0.0127 0.9367 0.0633 1.0000 0.2532 0.6202 -0.3797 0.8464 -0.0554 1.0000 -0.0633 0.5316 0.0253 0.8354 -0.0253
1.0000 1.0000 0.0000 0.7479 0.0084 0.8331 0.0166 0.8264 0.0247 0.8656 0.0168 0.6050 0.0588 0.7909 0.0473 0.7744 0.0541 0.6471 0.1933 0.8403 0.0420 0.7128 0.0712 0.6889 0.0758 0.6639 0.0840 0.6373 0.0830 0.6135 0.0168 0.5819 0.0876 0.5533 0.0889
1.0000 1.0000 0.0000 0.8501 0.0181 0.9221 0.0146 0.9205 0.0218 0.9276 0.0801 0.8760 0.1137 0.9116 0.0432 0.9074 0.0502 0.8734 0.0284 0.9587 0.0000 0.8910 0.0705 0.8843 0.0770 0.8372 0.1085 0.8692 0.0895 0.8760 0.0879 0.8520 0.1013 0.8426 0.1070
1.0000 1.0000 0.0000 1.0000 -0.0118 1.0000 -0.0034 1.0000 -0.0157 1.0000 -0.0157 1.0000 -0.0281 1.0000 -0.0219 0.9983 -0.0309 0.9953 -0.0324 0.9931 -0.0345 1.0000 -0.0388 1.0000 -0.0504 1.0000 -0.0493 0.9984 -0.0553 0.9940 -0.0630 0.9906 -0.0650 0.9897 -0.0667
1.0000 1.0000 0.0000 0.8951 -0.0317 0.8752 0.0554 0.8951 0.0139 0.9287 0.0277 0.9129 -0.0099 0.9406 -0.0158 0.9188 0.0337 0.9366 0.0000 0.9426 0.0139 0.9050 0.0079 0.8871 -0.0178 0.8931 0.0238 0.8900 0.0161 0.8812 0.0020 0.8733 0.0416 0.8673 0.0238
1.0000 1.0000 0.0000 0.9007 0.0177 1.0000 -0.0177 0.9007 0.0071 0.8475 0.0567 1.0000 0.0355 0.9787 0.0106 0.9752 0.0355 1.0000 -0.0319 0.8972 -0.0319 0.8617 0.0780 1.0000 0.0922 0.9007 0.0461 0.9431 0.0325 0.9468 0.0248 1.0000 0.0106 0.9362 0.0213
1.0000 1.0000 0.0000 0.3939 -0.2424 0.6266 0.0127 0.4546 0.0909 0.6364 0.0909 0.2121 -0.2121 0.5758 0.1515 0.3939 0.0000 0.5616 0.0456 0.5151 0.0303 0.7879 0.1818 0.3030 -0.1515 0.4853 0.0593 0.4636 0.0614 0.3333 -0.0303 0.4186 0.0641 0.3939 0.2424
1.0000 1.0000 0.0000 0.8669 0.3595 0.7201 0.6667 0.3720 0.8305 0.0865 0.8589 -0.2412 0.8612 -0.5176 0.6758 -0.6871 0.4152 -0.7702 0.0990 -0.6940 -0.1365 -0.4949 -0.4221 -0.3254 -0.5768 -0.0284 -0.5995 0.1536 -0.5313 0.3231 -0.3709 0.4619 -0.1968 0.4096 0.0182
1.0000 1.0000 0.0000 0.8956 0.3792 0.6731 0.6944 0.3592 0.8870 -0.0419 0.9335 -0.3887 0.8441 -0.6727 0.6208 -0.8268 0.3036 -0.8615 -0.0537 -0.7356 -0.3427 -0.5178 -0.6244 -0.2343 -0.7386 0.0691 -0.7386 0.3353 -0.6230 0.5241 -0.4209 0.6122 -0.1734 0.6007 0.0866
1.0000 1.0000 0.0000 0.9055 0.4111 0.6535 0.7476 0.2992 0.9590 -0.1334 0.9782 -0.5224 0.8326 -0.7966 0.5509 -0.9663 0.1519 -0.9300 -0.2555 -0.7186 -0.5938 -0.4155 -0.8520 -0.0225 -0.9379 0.3632 -0.8537 0.6754 -0.6196 0.8598 -0.2812 0.8865 0.0980 0.7550 0.4630
1.0000 1.0000 0.0000 1.0000 1.0000 0.3670 0.0616 0.1299 0.9271 -0.2759 0.9360 -0.3153 0.3769 -0.8719 0.3695 -0.9286 -0.0887 -0.3892 -0.3424 -0.4655 -0.8251 -0.0542 -0.9360 0.2562 -0.2044 0.7379 -0.4595 0.8547 -0.0683 1.0000 1.0000 0.3867 0.0025 0.1776 0.7979
1.0000 1.0000 0.0000 1.0000 0.5151 0.4546 0.3333 0.0606 0.3636 -0.3210 0.7306 -0.4546 0.4849 -0.5758 0.0000 -0.5758 -0.1212 -0.3333 -0.4849 -0.0909 -0.8485 0.4849 -0.5758 0.5758 -0.4242 1.0000 -0.3939 0.7296 0.1233 0.9697 0.5758 0.2424 0.3636 0.0909 0.3333
1.0000 1.0000 0.0000 0.8811 0.0000 0.9482 -0.0274 0.9360 -0.0122 0.9024 0.0183 0.9024 0.0183 0.9390 0.0092 0.9573 0.0031 1.0000 0.0274 0.9421 -0.0122 0.9085 0.0244 0.9146 0.0549 0.9970 0.0488 0.8967 0.0223 0.9085 0.0092 1.0000 0.0549 0.9756 -0.0122
1.0000 1.0000 0.0000 0.8262 0.0816 0.7908 -0.0816 0.9043 -0.0177 0.9291 0.0106 0.8014 0.0887 0.9468 -0.0071 0.9433 0.0000 0.9326 0.2021 0.9504 -0.0071 0.9149 0.0071 0.8050 0.0709 0.9113 0.1596 0.8953 0.0817 0.7766 0.0674 0.9255 0.1809 0.9255 0.0000
1.0000 1.0000 0.0000 0.7447 0.1064 0.8871 0.0098 0.8854 0.0147 0.8723 -0.0142 0.7305 0.1064 0.8766 0.0291 0.8723 0.0338 0.9575 0.0780 0.9504 0.0425 0.8560 0.0474 0.8493 0.0518 0.8723 0.1135 0.8343 0.0601 0.7447 -0.0355 0.8171 0.0680 0.8077 0.0717
1.0000 1.0000 0.0000 0.8758 0.0373 0.8995 0.0034 0.8921 0.0051 0.8633 0.0000 0.9503 0.0745 0.8702 0.0099 0.8630 0.0115 0.8385 -0.0621 0.8571 0.0248 0.8418 0.0160 0.8349 0.0175 0.7950 -0.0435 0.8211 0.0203 0.8199 0.0870 0.8076 0.0231 0.8009 0.0244
1.0000 1.0000 0.0000 0.9751 0.0071 0.9858 0.0195 1.0000 0.0195 0.9929 0.0160 0.9574 0.0231 0.9716 0.0355 1.0000 0.0373 0.9787 0.0213 0.9858 0.0568 0.9716 0.0480 0.9449 0.0551 0.9840 0.0355 0.9754 0.0648 0.9485 0.0817 0.9911 0.0622 0.9893 0.0995
1.0000 1.0000 0.0000 1.0000 0.0111 1.0000 0.0111 1.0000 0.0232 0.9945 -0.0144 0.9945 -0.0022 0.9834 0.0232 1.0000 0.0088 0.9757 0.0077 0.9790 0.0166 0.9801 0.0066 0.9812 0.0210 0.9713 -0.0066 0.9803 0.0160 0.9790 0.0155 0.9856 0.0210 0.9867 0.0276
1.0000 1.0000 0.0000 1.0000 -0.0134 1.0000 0.0157 1.0000 -0.0022 1.0000 0.0626 0.9776 0.0447 0.9597 0.0291 1.0000 0.0649 0.9888 0.0336 1.0000 0.0358 0.9978 0.0940 0.9575 0.0738 1.0000 0.1007 0.9999 0.0876 0.9910 0.0850 1.0000 0.1007 1.0000 0.1007
1.0000 1.0000 0.0000 0.8842 0.3672 0.6712 0.6738 0.3961 0.8640 0.0242 0.9318 -0.3515 0.8371 -0.6032 0.5884 -0.7866 0.3878 -0.8328 -0.0064 -0.6932 -0.3296 -0.5250 -0.5392 -0.2738 -0.6813 0.0081 -0.6977 0.2603 -0.6068 0.4457 -0.4338 0.5421 -0.2154 0.5629 0.0282
1.0000 1.0000 0.0000 0.9015 0.4179 0.6413 0.7572 0.3044 0.9515 -0.2045 0.9653 -0.5548 0.8119 -0.8186 0.5095 -0.9699 0.1035 -0.9146 -0.3141 -0.7016 -0.6546 -0.3235 -0.8900 0.0587 -0.9417 0.4448 -0.8215 0.7410 -0.5523 0.8942 -0.1872 0.8789 0.2036 0.7056 0.5485
1.0000 1.0000 0.0000 0.3279 0.1104 0.1597 0.2931 0.1402 0.7449 -0.2513 0.9199 -0.1650 0.2666 -0.6371 0.2487 -0.9765 -0.0034 -0.2323 -0.1991 -0.3052 -0.4889 -0.1443 -0.8999 0.0935 -0.2892 0.2831 -0.1856 0.3960 -0.1150 0.3100 0.0561 0.2144 0.2054 0.1338 0.2642
1.0000 1.0000 0.0000 0.6584 0.4362 0.4468 0.7480 0.0532 0.8511 -0.3203 0.8214 -0.6825 0.5241 -0.8421 0.0711 -0.8281 -0.2872 -0.4703 -0.7173 -0.0476 -0.8600 0.2329 -0.7632 0.5666 -0.5213 0.7430 -0.1865 0.7476 0.2371 0.4518 0.5907 0.2055 0.7676 -0.1853 0.7436
1.0000 1.0000 0.0000 0.1947 0.0573 0.0420 0.2519 -0.1056 0.4887 -0.1832 -0.1832 -0.4199 0.0611 -0.4542 0.0916 -0.1641 -0.3053 -0.1031 -0.3970 0.1870 -0.1756 0.3401 -0.1195 0.2863 -0.1603 0.2165 0.2469 0.0391 0.3109 -0.0382 0.2634 -0.1679 0.1679 -0.3015 -0.3359
1.0000 1.0000 0.0000 0.9800 0.0008 1.0000 0.0000 0.9898 -0.0008 0.9472 0.0239 0.9770 0.0213 0.9789 0.0307 0.9917 0.0234 0.9393 0.0571 0.9355 0.0528 0.9774 0.0552 1.0000 0.0624 0.9415 0.0811 0.9671 0.0726 0.9570 0.0809 0.9819 0.0813 0.9725 0.0862
1.0000 1.0000 0.0000 0.8225 -0.0757 0.8046 0.0023 0.8751 -0.0121 0.8682 -0.0751 0.7283 -0.1173 0.8462 0.0503 0.8312 -0.0740 0.7480 0.0670 0.7832 0.0636 0.8676 -0.0237 0.7884 -0.0601 0.7445 -0.0237 0.7672 -0.0273 0.7405 -0.0763 0.7006 -0.0422 0.7844 0.0121
1.0000 1.0000 0.0000 0.3535 -0.1377 0.6939 -0.0242 0.6819 -0.0357 0.5572 -0.0612 0.6184 -0.1047 0.6210 -0.0653 0.5936 -0.0729 0.4227 -0.2641 0.5821 0.0499 0.4974 -0.0877 0.4624 -0.0899 0.4501 -0.0056 0.3915 -0.0904 0.3559 -0.1031 0.3223 -0.0864 0.2894 -0.0830
1.0000 1.0000 0.0000 0.7605 0.0109 0.8633 0.0026 0.8582 0.0038 0.7999 0.0230 0.8150 0.1207 0.8310 0.0074 0.8182 0.0085 0.8278 -0.0697 0.7653 0.0388 0.7698 0.0115 0.7507 0.0123 0.7714 -0.0030 0.7089 0.0138 0.6616 0.0085 0.6630 0.0148 0.6389 0.0152
1.0000 1.0000 0.0000 0.6667 -0.0137 0.9740 0.0683 0.4959 0.5014 0.7568 -0.0027 0.6516 -0.1407 0.4016 -0.4891 0.3921 0.5874 0.7678 0.3183 0.7855 0.1134 0.4754 -0.4495 1.0000 0.0068 0.6066 0.0697 0.6866 0.1709 0.8757 0.0779 0.5533 0.2459 0.1393 0.4809
1.0000 1.0000 0.0000 0.8351 0.0830 0.7374 -0.1471 0.8435 -0.0557 0.9044 -0.0462 0.8939 0.1313 0.8120 0.0672 0.7931 -0.0893 1.0000 -0.0210 0.9664 0.0662 0.8760 0.0115 0.7752 0.0662 0.9538 -0.0420 0.8348 0.0012 1.0000 0.1281 0.8666 -0.1071 0.9055 -0.0431
1.0000 1.0000 0.0000 0.9511 0.0042 0.9518 -0.0272 0.9344 -0.0192 0.9459 0.0161 0.9651 0.0328 0.9417 0.0733 0.9463 -0.0133 0.9717 0.0014 0.9483 0.0604 0.9267 0.0841 0.9312 0.1009 0.9452 0.0136 0.9352 0.0493 0.9316 0.0817 0.9407 -0.0003 0.9148 0.0471
1.0000 1.0000 0.0000 0.9470 -0.0003 0.9321 -0.0323 0.9518 -0.0343 0.9558 0.0245 0.9412 0.0177 0.9260 0.0469 0.9395 -0.0146 0.9484 0.0200 0.9378 0.0139 0.9141 0.0768 0.8947 0.0615 0.9399 0.0319 0.9249 0.0254 0.9212 0.0224 0.9246 0.0044 0.9270 -0.0058
1.0000 1.0000 0.0000 0.9061 -0.0166 0.9812 -0.0199 0.9569 -0.0365 0.8575 0.0011 0.8972 -0.0331 0.8906 -0.0144 0.9061 -0.0453 0.9138 -0.0088 0.8077 -0.1293 0.8873 0.0121 0.9215 -0.0232 0.9105 -0.0210 0.8915 -0.0776 0.8298 -0.1724 0.9602 -0.0376 0.8740 -0.1624
1.0000 1.0000 0.0000 0.8471 0.1353 0.7364 -0.0615 0.8787 0.0826 0.8893 -0.0914 0.7873 0.0668 0.8067 -0.0035 0.7926 -0.0105 0.8576 -0.0457 0.8717 -0.0352 0.8172 -0.0949 0.7100 0.0439 0.8647 -0.1511 0.8115 -0.0482 0.7821 -0.0070 0.7575 -0.0668 0.8576 -0.0615
2.0000 1.0000 0.0000 1.0000 -0.1883 0.9304 -0.3616 -0.1087 -0.9360 1.0000 -0.0455 0.5087 -0.6774 0.3443 -0.6971 -0.5169 -0.9751 0.0550 -0.6224 0.3311 -1.0000 -0.1315 -0.4530 -0.1806 -0.3573 -0.2033 -0.2657 -0.2047 -0.1840 -0.1904 -0.1159 -0.1663 -0.0629 -0.1374 -0.0245
2.0000 1.0000 0.0000 1.0000 -0.4516 1.0000 1.0000 0.7122 -1.0000 0.0000 0.0000 0.0000 0.0000 0.0000 0.0000 -1.0000 0.1452 0.5409 -0.3933 -1.0000 -0.5447 -0.6997 1.0000 0.0000 0.0000 1.0000 0.9070 0.5161 1.0000 1.0000 -0.2010 0.2568 1.0000 -0.3238 1.0000
2.0000 1.0000 0.0000 0.0234 -0.0059 -0.0992 -0.1195 -0.0076 -0.1182 0.1471 0.0664 0.0379 -0.0630 0.0000 0.0000 -0.0457 -0.1554 -0.0034 -0.1020 -0.1158 -0.0541 0.0184 0.0367 0.0152 0.0089 0.0351 -0.0154 -0.0324 0.0922 -0.0786 0.0073 0.0000 0.0000 -0.0004 0.1201
2.0000 0.0000 0.0000 0.0000 0.0000 0.0000 0.0000 1.0000 -1.0000 0.0000 0.0000 -1.0000 -1.0000 0.0000 0.0000 0.0000 0.0000 1.0000 1.0000 -1.0000 -1.0000 0.0000 0.0000 0.0000 0.0000 1.0000 1.0000 1.0000 1.0000 0.0000 0.0000 1.0000 1.0000 0.0000 0.0000
2.0000 1.0000 0.0000 -0.0186 -0.0846 0.0000 0.0000 0.0000 0.0000 0.1147 -0.2681 -0.4566 -0.3817 0.0000 0.0000 -0.3366 0.3860 -0.3713 0.1502 0.6373 0.2212 0.0000 0.0000 0.0000 0.0000 -0.1480 -0.0133 0.2064 -0.0229 0.0000 0.0000 0.1659 0.2409 -0.0821 0.3806
2.0000 1.0000 0.0000 1.0000 -0.5421 1.0000 -1.0000 1.0000 -1.0000 1.0000 0.3622 1.0000 -0.4112 1.0000 1.0000 1.0000 -1.0000 1.0000 -0.2935 1.0000 -0.9360 1.0000 1.0000 1.0000 1.0000 1.0000 -0.4089 1.0000 -0.6274 1.0000 -1.0000 1.0000 -1.0000 1.0000 -1.0000
2.0000 1.0000 0.0000 1.0000 -0.8670 1.0000 0.2228 0.8549 -0.3990 1.0000 -0.1209 1.0000 0.3515 1.0000 0.0777 1.0000 -0.1477 1.0000 -1.0000 1.0000 -1.0000 0.6183 0.1580 1.0000 0.6235 1.0000 -0.1701 1.0000 0.3592 1.0000 -0.6649 1.0000 0.8843 1.0000 -0.1883
2.0000 1.0000 0.0000 0.5093 -0.9400 1.0000 0.2671 -0.0352 -1.0000 1.0000 -1.0000 0.4369 -1.0000 0.0000 0.0000 -1.0000 -0.3427 -0.3768 0.0362 1.0000 -1.0000 0.0000 0.0000 0.0000 0.0000 -0.1625 0.9224 0.3975 0.2650 0.0000 0.0000 1.0000 0.2319 0.0000 0.0000
2.0000 0.0000 0.0000 0.0000 0.0000 -1.0000 -1.0000 1.0000 1.0000 -1.0000 1.0000 -1.0000 1.0000 1.0000 -1.0000 1.0000 1.0000 -1.0000 -1.0000 -1.0000 1.0000 1.0000 -1.0000 -1.0000 1.0000 -1.0000 1.0000 1.0000 -1.0000 -1.0000 1.0000 -1.0000 -1.0000 1.0000 -1.0000
2.0000 0.0000 0.0000 1.0000 -1.0000 0.0000 0.0000 0.0000 0.0000 1.0000 1.0000 1.0000 -1.0000 -0.7188 1.0000 0.0000 0.0000 -1.0000 1.0000 1.0000 1.0000 -1.0000 1.0000 1.0000 0.5625 -1.0000 1.0000 1.0000 1.0000 1.0000 -1.0000 1.0000 1.0000 1.0000 1.0000
2.0000 0.0000 0.0000 1.0000 1.0000 0.0000 0.0000 0.0000 0.0000 -1.0000 -1.0000 0.0000 0.0000 0.0000 0.0000 -1.0000 -1.0000 -1.0000 -1.0000 -1.0000 1.0000 -1.0000 1.0000 0.0000 0.0000 0.0000 0.0000 1.0000 -1.0000 -1.0000 1.0000 -1.0000 1.0000 -1.0000 1.0000
2.0000 0.0000 0.0000 -1.0000 1.0000 0.0000 0.0000 0.0000 0.0000 -1.0000 1.0000 1.0000 1.0000 0.0000 0.0000 0.0000 0.0000 1.0000 -1.0000 -1.0000 1.0000 1.0000 1.0000 0.0000 0.0000 -1.0000 -1.0000 1.0000 -1.0000 1.0000 1.0000 -1.0000 1.0000 0.0000 0.0000
2.0000 1.0000 0.0000 1.0000 0.5782 1.0000 -1.0000 1.0000 -1.0000 1.0000 -1.0000 1.0000 -1.0000 1.0000 -1.0000 1.0000 -1.0000 1.0000 -1.0000 1.0000 -1.0000 1.0000 -0.6280 1.0000 -1.0000 1.0000 -1.0000 1.0000 -1.0000 1.0000 -1.0000 1.0000 -1.0000 1.0000 -1.0000
2.0000 0.0000 0.0000 -1.0000 -1.0000 0.0000 0.0000 -1.0000 1.0000 1.0000 -0.3750 0.0000 0.0000 0.0000 0.0000 0.0000 0.0000 1.0000 -1.0000 -1.0000 -1.0000 1.0000 -1.0000 0.0000 0.0000 1.0000 -1.0000 -1.0000 1.0000 -1.0000 -1.0000 0.0000 0.0000 -1.0000 1.0000
2.0000 0.0000 0.0000 -1.0000 -1.0000 1.0000 1.0000 1.0000 -1.0000 -1.0000 1.0000 1.0000 -1.0000 -1.0000 -1.0000 0.0000 0.0000 1.0000 1.0000 -1.0000 -1.0000 1.0000 -1.0000 1.0000 -1.0000 1.0000 1.0000 1.0000 -1.0000 1.0000 -1.0000 -1.0000 1.0000 1.0000 -1.0000
2.0000 1.0000 0.0000 1.0000 -1.0000 1.0000 1.0000 1.0000 -1.0000 1.0000 -1.0000 1.0000 -1.0000 1.0000 -0.0184 1.0000 -1.0000 1.0000 1.0000 1.0000 -0.8558 1.0000 1.0000 1.0000 -1.0000 0.0000 0.0000 1.0000 1.0000 1.0000 -0.7914 1.0000 1.0000 1.0000 1.0000
2.0000 1.0000 0.0000 0.7125 -0.0260 0.4129 -0.2307 0.9802 -0.0947 0.9971 -0.1024 1.0000 -0.1095 0.5897 1.0000 0.8373 -1.0000 0.8227 -0.1786 0.8076 -0.2826 -0.2591 0.9273 0.5193 0.0546 0.6549 -0.2039 0.9312 -0.4131 0.6381 -0.2190 0.8614 -0.8735 -0.2319 -1.0000
2.0000 1.0000 0.0000 0.6616 -1.0000 1.0000 1.0000 1.0000 -0.6732 0.8089 -0.4045 1.0000 -1.0000 1.0000 -0.8938 1.0000 0.7339 0.1759 0.7098 1.0000 0.7804 1.0000 0.8527 1.0000 -1.0000 1.0000 0.8536 1.0000 -0.0857 0.9598 -0.3625 1.0000 0.6527 1.0000 0.3473
2.0000 0.0000 0.0000 1.0000 1.0000 1.0000 -1.0000 0.0000 0.0000 0.0000 0.0000 -1.0000 -1.0000 0.0000 0.0000 0.0000 0.0000 -1.0000 1.0000 1.0000 1.0000 -1.0000 1.0000 -1.0000 1.0000 1.0000 -1.0000 1.0000 1.0000 -1.0000 1.0000 1.0000 1.0000 0.0000 0.0000
2.0000 1.0000 0.0000 1.0000 0.0246 0.9967 0.0486 0.9755 0.0714 0.6175 -1.0000 0.9104 0.1115 0.8846 0.5364 0.8208 0.1414 0.7693 0.1519 1.0000 0.4100 0.6585 0.1637 0.6014 0.1652 0.5445 0.1639 0.4887 0.1602 0.4348 0.1544 0.3835 0.1468 1.0000 1.0000
2.0000 1.0000 0.0000 -1.0000 -1.0000 1.0000 1.0000 1.0000 -0.1437 0.0000 0.0000 -1.0000 1.0000 1.0000 1.0000 0.1792 -1.0000 -1.0000 -1.0000 0.0875 -1.0000 1.0000 -1.0000 -1.0000 1.0000 -1.0000 -1.0000 1.0000 -1.0000 -1.0000 -1.0000 1.0000 1.0000 0.0000 0.0000
2.0000 1.0000 0.0000 -0.6429 -1.0000 1.0000 0.8286 1.0000 -1.0000 1.0000 -0.2339 1.0000 0.9616 1.0000 -0.3768 1.0000 -1.0000 1.0000 0.1384 1.0000 -1.0000 1.0000 -0.0339 -0.8429 1.0000 0.5375 0.8571 1.0000 1.0000 1.0000 -1.0000 1.0000 -1.0000 1.0000 -1.0000
2.0000 0.0000 0.0000 0.0000 0.0000 0.0000 0.0000 0.0000 0.0000 1.0000 1.0000 1.0000 1.0000 0.0000 0.0000 0.0000 0.0000 -0.3750 -1.0000 -1.0000 -1.0000 0.0000 0.0000 0.0000 0.0000 -1.0000 -1.0000 -1.0000 -1.0000 -1.0000 1.0000 1.0000 0.0000 0.0000 0.0000
2.0000 1.0000 0.0000 0.9460 -0.0268 -1.0000 0.2613 -0.3639 0.3564 0.6926 -0.6343 1.0000 -0.0335 -0.2902 -0.0055 -0.5485 0.1545 0.9192 -0.4627 1.0000 -0.5042 -0.2974 -0.3145 -0.7386 0.3736 0.8387 -0.4673 0.5221 -0.5813 1.0000 -0.6139 -0.0963 0.2048 -0.0612 0.4191
2.0000 1.0000 0.0000 0.0000 0.0000 1.0000 0.5172 0.0000 0.0000 0.1099 -1.0000 0.0000 0.0000 0.0000 0.0000 -1.0000 -0.2241 -0.5571 -0.8330 0.7694 0.6315 0.0000 0.0000 0.5345 0.3567 -0.9030 0.4483 1.0000 -1.0000 -1.0000 0.8157 0.0000 0.0000 0.0000 0.0000
2.0000 0.0000 0.0000 1.0000 1.0000 1.0000 -1.0000 0.0000 0.0000 0.0000 0.0000 1.0000 1.0000 1.0000 1.0000 -1.0000 -1.0000 1.0000 -1.0000 -1.0000 1.0000 0.0000 0.0000 1.0000 -1.0000 1.0000 -1.0000 1.0000 1.0000 -1.0000 -1.0000 0.0000 0.0000 0.0000 0.0000
2.0000 1.0000 0.0000 -0.6794 -1.0000 -1.0000 1.0000 1.0000 0.6332 0.0352 -1.0000 -1.0000 -1.0000 1.0000 1.0000 0.8868 -1.0000 -1.0000 1.0000 0.8384 1.0000 1.0000 -1.0000 -1.0000 -1.0000 -0.1886 1.0000 1.0000 -1.0000 -1.0000 -1.0000 -1.0000 1.0000 1.0000 0.3361
2.0000 1.0000 0.0000 0.0833 -0.2069 -1.0000 1.0000 -1.0000 1.0000 0.7188 0.4717 -0.8214 -0.6272 -1.0000 -1.0000 -1.0000 1.0000 -0.0275 0.5915 -0.4211 -0.4211 -0.7463 -1.0000 -1.0000 -0.4680 -1.0000 0.2381 1.0000 -1.0000 -1.0000 -0.3891 -1.0000 -1.0000 -1.0000 0.6146
2.0000 0.0000 0.0000 -1.0000 1.0000 1.0000 -1.0000 -1.0000 1.0000 0.0000 0.0000 1.0000 1.0000 -1.0000 -0.1875 1.0000 1.0000 -1.0000 -1.0000 1.0000 -1.0000 -1.0000 -1.0000 1.0000 1.0000 1.0000 -1.0000 1.0000 1.0000 1.0000 1.0000 0.0000 0.0000 -1.0000 -1.0000
2.0000 1.0000 0.0000 0.1719 -1.0000 -1.0000 1.0000 0.0000 0.0000 0.0000 0.0000 -1.0000 1.0000 0.0000 0.0000 -0.6135 -0.6771 0.8052 0.3615 0.5198 0.1437 0.0000 0.0000 -1.0000 -0.2708 -0.8479 0.9625 1.0000 1.0000 -1.0000 0.6771 0.0000 0.0000 0.0000 0.0000
2.0000 1.0000 0.0000 0.0167 -0.3563 0.0000 0.0000 0.0000 0.0000 0.0000 0.0000 0.0000 0.0000 0.0000 0.0000 0.1229 -0.5500 0.2281 0.8281 1.0000 -0.4229 0.0000 0.0000 0.0833 -1.0000 -0.1062 -0.1667 1.0000 -0.7667 -1.0000 0.1885 0.0000 0.0000 1.0000 -0.2729
2.0000 1.0000 0.0000 0.6382 1.0000 0.2083 -1.0000 1.0000 1.0000 0.8772 0.3092 -0.6689 1.0000 -0.0592 0.5877 0.0175 0.0504 -0.5153 -1.0000 0.1425 -0.0329 0.3267 -0.4386 -1.0000 1.0000 0.8092 -1.0000 1.0000 -0.0614 1.0000 1.0000 0.2061 -1.0000 1.0000 1.0000
2.0000 1.0000 0.0000 0.8478 0.1060 1.0000 0.3913 1.0000 -1.0000 0.6694 0.0842 1.0000 0.2704 1.0000 0.6060 1.0000 0.3551 1.0000 0.0267 0.5842 -0.4303 1.0000 0.6350 0.8913 0.2658 0.9103 -0.3333 1.0000 0.1594 0.3768 -0.0195 1.0000 0.2246 1.0000 0.3741
2.0000 0.0000 0.0000 1.0000 -1.0000 1.0000 -1.0000 1.0000 -1.0000 1.0000 -1.0000 1.0000 1.0000 1.0000 1.0000 1.0000 -1.0000 1.0000 1.0000 1.0000 1.0000 1.0000 1.0000 1.0000 -1.0000 1.0000 -1.0000 1.0000 -1.0000 1.0000 0.6562 0.0000 0.0000 1.0000 -1.0000
2.0000 1.0000 0.0000 1.0000 1.0000 1.0000 -1.0000 1.0000 -1.0000 1.0000 1.0000 1.0000 1.0000 1.0000 1.0000 1.0000 -1.0000 1.0000 1.0000 1.0000 1.0000 1.0000 1.0000 1.0000 1.0000 1.0000 1.0000 1.0000 0.5000 0.0000 0.0000 1.0000 -1.0000 1.0000 -1.0000
2.0000 0.0000 0.0000 1.0000 -1.0000 1.0000 1.0000 -1.0000 -1.0000 1.0000 -1.0000 0.0000 0.0000 0.0000 0.0000 -1.0000 1.0000 1.0000 -1.0000 1.0000 -1.0000 -0.7500 1.0000 1.0000 -1.0000 1.0000 -1.0000 1.0000 -1.0000 -1.0000 -1.0000 0.0000 0.0000 1.0000 -1.0000
2.0000 1.0000 0.0000 0.6944 0.3889 0.0000 0.0000 -0.3294 0.6984 0.0000 0.0000 0.0000 0.0000 0.0000 0.0000 0.2064 -0.2421 0.2103 0.1944 0.4643 0.7817 0.0000 0.0000 0.0000 0.0000 0.7341 0.2738 0.7619 0.6349 0.0000 0.0000 0.0000 0.0000 0.0000 0.0000
2.0000 0.0000 0.0000 1.0000 1.0000 0.0000 0.0000 1.0000 -1.0000 1.0000 -1.0000 1.0000 1.0000 1.0000 1.0000 1.0000 -1.0000 1.0000 1.0000 1.0000 1.0000 1.0000 -1.0000 -1.0000 -1.0000 1.0000 -1.0000 1.0000 -1.0000 1.0000 1.0000 0.0000 0.0000 1.0000 -1.0000
2.0000 0.0000 0.0000 1.0000 1.0000 1.0000 -1.0000 1.0000 1.0000 1.0000 1.0000 1.0000 1.0000 1.0000 1.0000 1.0000 1.0000 1.0000 -1.0000 -1.0000 1.0000 -1.0000 1.0000 -1.0000 1.0000 1.0000 -1.0000 1.0000 1.0000 -1.0000 1.0000 -1.0000 -1.0000 -1.0000 1.0000
2.0000 0.0000 0.0000 1.0000 1.0000 1.0000 -1.0000 1.0000 1.0000 -1.0000 1.0000 0.0000 0.0000 1.0000 1.0000 0.0000 0.0000 0.0000 0.0000 -1.0000 1.0000 -1.0000 1.0000 1.0000 1.0000 1.0000 -1.0000 1.0000 1.0000 1.0000 1.0000 1.0000 -1.0000 -1.0000 1.0000
2.0000 0.0000 0.0000 1.0000 -1.0000 1.0000 1.0000 1.0000 1.0000 1.0000 1.0000 1.0000 1.0000 1.0000 -1.0000 1.0000 -1.0000 1.0000 1.0000 1.0000 -1.0000 1.0000 1.0000 1.0000 1.0000 1.0000 -1.0000 1.0000 1.0000 1.0000 -1.0000 1.0000 1.0000 1.0000 -1.0000
2.0000 1.0000 0.0000 0.6820 -0.1731 0.8233 0.2191 0.4664 0.3286 0.2580 0.5830 1.0000 -0.1519 0.0106 0.4452 0.0106 0.3887 0.1868 0.4117 0.1057 0.3635 0.0432 0.3075 -0.0008 0.2494 -0.0286 0.1941 -0.0431 0.1448 -0.0478 0.1035 -0.0459 0.0706 -0.0401 0.0459
2.0000 1.0000 0.0000 0.3918 -0.0634 0.9746 0.0433 1.0000 1.0000 0.3582 0.1530 0.5448 0.1306 0.6157 -0.8209 0.5784 0.6791 0.6679 -0.1045 0.4664 -0.1157 0.6557 0.1479 0.8321 0.4552 0.4702 0.1642 0.4931 0.1463 0.3246 -0.0261 0.3912 0.1352 0.3441 0.1275
2.0000 1.0000 0.0000 0.7273 -0.0500 0.8924 0.0346 1.0000 0.7273 0.6636 -0.0591 0.4818 -0.1682 0.8181 0.0956 0.5682 1.0000 0.5046 0.2182 0.6682 0.1000 1.0000 -0.3000 0.9864 -1.0000 0.5727 0.3273 0.5698 0.1467 0.4227 0.0818 0.4893 0.1464 1.0000 1.0000
2.0000 1.0000 0.0000 0.4193 0.1248 0.3500 0.1250 0.2318 0.2796 -0.0364 0.4432 0.0452 0.3619 -0.1909 0.3364 -0.1335 0.2732 0.0273 0.4046 -0.3477 0.1273 -0.2003 0.0508 -0.1864 0.3636 -0.1400 -0.0480 -0.0997 -0.0711 -1.0000 -1.0000 -0.0292 -0.0746 -0.0053 -0.0631
2.0000 1.0000 0.0000 0.8456 -0.0858 -0.3175 -0.8055 -0.0896 -0.5644 0.8065 0.0458 0.8951 -0.0076 -0.1849 0.6397 -0.2002 -0.6806 0.8570 -0.1134 0.7798 -0.1573 -0.0696 0.5081 -0.3413 0.8093 0.7893 -0.0372 0.7088 -0.2529 0.7788 -0.1411 -0.2135 -0.7817 -0.1849 -0.5987
2.0000 1.0000 0.0000 -0.5418 0.1486 -0.3375 0.7338 0.5201 -0.1393 0.3189 -0.0681 0.2074 -0.1517 0.4737 0.0898 0.5635 -0.1548 0.1641 0.4520 0.3375 0.0341 0.5046 0.0712 -0.6378 -0.6161 1.0000 0.6563 0.4135 -0.4012 -0.1517 0.1115 0.0240 0.5582 0.5263 -0.0898
2.0000 1.0000 0.0000 0.7916 0.1685 0.0000 0.0000 0.5654 0.0687 0.3947 1.0000 0.3836 0.9956 -0.0244 0.5322 0.2372 0.1286 -0.0266 0.9512 -0.5100 0.8492 -0.1020 0.3880 -0.4257 0.2372 -0.9157 0.8071 -0.3415 0.8825 -1.0000 0.6940 -1.0000 0.1286 0.0000 0.0000
2.0000 1.0000 0.0000 -1.0000 -1.0000 0.0000 0.0000 0.5081 -0.7850 0.6059 0.3290 -1.0000 -0.4137 0.0000 0.0000 0.0000 0.0000 1.0000 -0.2671 0.3648 -0.6352 0.9707 -1.0000 -1.0000 -1.0000 1.0000 -0.5961 -1.0000 -1.0000 -1.0000 -1.0000 1.0000 -1.0000 0.0000 0.0000
2.0000 1.0000 0.0000 1.0000 -1.0000 0.0000 0.0000 0.7794 -0.9927 0.8088 0.5515 -0.4191 -0.9485 0.0000 0.0000 0.0000 0.0000 0.7206 -0.7721 0.7353 -0.6029 0.0000 0.0000 0.1838 -1.0000 -1.0000 -1.0000 -1.0000 -1.0000 1.0000 -1.0000 1.0000 -1.0000 0.0000 0.0000
2.0000 0.0000 0.0000 0.0000 0.0000 0.0000 0.0000 0.0000 0.0000 0.0000 0.0000 0.0000 0.0000 0.0000 0.0000 0.0000 0.0000 0.0000 0.0000 0.0000 0.0000 0.0000 0.0000 0.0000 0.0000 0.0000 0.0000 1.0000 -1.0000 0.0000 0.0000 0.0000 0.0000 0.0000 0.0000
2.0000 1.0000 0.0000 0.2841 -0.3182 0.0000 0.0000 0.6818 -1.0000 0.3068 0.9583 0.6439 0.0644 0.3485 -0.8485 0.0000 0.0000 0.5909 -0.3599 0.4508 -0.8068 0.0000 0.0000 0.0000 0.0000 0.2424 0.1780 1.0000 -0.2386 0.0606 -0.4849 0.1629 -0.7008 0.0000 0.0000
2.0000 1.0000 0.0000 0.0000 0.0000 0.0000 0.0000 0.0000 0.0000 0.0000 0.0000 0.6220 1.0000 0.0000 0.0000 0.0000 0.0000 0.3659 -0.7195 0.5610 -1.0000 0.0000 0.0000 0.0000 0.0000 0.0000 0.0000 1.0000 0.1098 0.0000 0.0000 0.0000 0.0000 0.0000 0.0000
2.0000 1.0000 0.0000 0.1013 0.1081 0.0000 0.0000 0.0000 0.0000 0.5473 0.8243 0.3108 1.0000 0.0000 0.0000 0.0000 0.0000 0.3716 -1.0000 0.3311 -1.0000 0.0000 0.0000 0.0000 0.0000 -0.4257 -1.0000 1.0000 -1.0000 0.5541 -0.2365 0.0000 0.0000 0.0000 0.0000
2.0000 1.0000 0.0000 0.6591 -0.6288 0.0000 0.0000 0.0000 0.0000 0.7727 1.0000 1.0000 -0.2803 0.0000 0.0000 0.0000 0.0000 0.6212 -0.2273 0.8409 -1.0000 1.0000 -1.0000 0.0000 0.0000 0.0000 0.0000 1.0000 -0.9394 -0.1288 -0.9318 0.0000 0.0000 0.0000 0.0000
2.0000 1.0000 0.0000 0.4200 -0.6100 0.0000 0.0000 1.0000 -1.0000 0.9000 1.0000 0.4300 0.6400 0.0000 0.0000 0.0000 0.0000 0.6700 -0.2900 0.8400 -1.0000 0.0000 0.0000 0.0000 0.0000 0.2100 0.6800 1.0000 0.2200 0.0000 0.0000 0.0000 0.0000 0.0000 0.0000
2.0000 1.0000 0.0000 0.9135 0.8159 -0.7297 1.0000 -0.3947 0.5574 0.0541 0.2973 -0.1860 -0.1024 -0.0316 -0.0897 0.0140 -0.0340 0.0111 -0.0054 0.0034 0.0010 0.0005 0.0008 -0.0000 0.0002 -0.0000 0.0000 -0.0000 0.0000 0.0000 0.0000 0.0000 0.0000 0.0000 0.0000
2.0000 1.0000 0.0000 1.0000 -0.1475 1.0000 0.0492 0.5738 -0.0164 0.6557 0.0164 0.8525 -0.0328 0.7213 0.0000 0.6885 -0.1639 0.1967 -0.1475 0.6556 -0.1718 0.6721 0.0328 1.0000 -0.2951 0.3115 -0.3443 0.5239 -0.2032 0.3279 -0.0328 0.2787 -0.4426 0.4918 -0.0656
2.0000 1.0000 0.0000 0.3929 0.5238 -0.7882 0.1134 -0.1663 -0.7638 0.6667 0.0119 0.8214 0.4048 -0.6723 0.3073 -0.3480 -0.6367 0.4643 0.1548 0.5476 0.0595 -0.5183 0.4496 -0.4765 -0.4759 0.3214 0.7024 0.5197 0.3885 0.5714 0.3929 -0.5489 -0.2992 0.2544 -0.5584
2.0000 1.0000 0.0000 0.4364 -0.1273 0.5818 -0.1454 0.1818 -0.6727 0.3454 -0.0364 0.2909 -0.0546 0.2909 0.2909 0.3636 -0.4182 0.2000 -0.0182 0.3636 0.0546 0.1273 0.4909 0.6182 0.1636 0.3273 0.1636 0.4110 -0.0703 0.3454 -0.0546 0.1273 -0.3636 0.2909 -0.2909
2.0000 1.0000 0.0000 0.7381 0.8333 -0.7619 -0.2381 0.3333 -0.1429 0.4524 -0.1429 -0.6728 0.1281 0.3333 0.0000 0.2857 -0.0714 -0.3821 0.5116 0.2381 0.0238 0.4524 0.0476 0.1667 -0.2619 -0.5726 -0.1023 0.2489 -0.5108 1.0000 0.0000 -0.6667 -0.0476 0.2619 0.0238
2.0000 1.0000 0.0000 1.0000 1.0000 0.0000 0.0000 0.0000 0.0000 0.0000 0.0000 0.4774 -0.8910 -0.5150 0.4549 -0.9549 0.2857 0.6466 1.0000 0.0000 0.0000 0.0000 0.0000 0.6203 0.2030 -1.0000 -1.0000 1.0000 -1.0000 1.0000 1.0000 0.0000 0.0000 0.0000 0.0000
2.0000 1.0000 0.0000 0.5984 0.4033 0.8281 0.8052 0.7600 0.7071 0.8401 -0.1098 0.9731 0.0798 0.9582 -0.8573 0.9196 0.8844 0.9545 -0.0521 0.8867 0.1814 0.9848 -0.6959 0.8667 -0.8576 0.2860 -0.3006 1.0000 0.1708 0.6296 0.4268 0.8776 0.8101 0.8198 0.6882
2.0000 1.0000 0.0000 0.0000 0.0000 -0.3367 0.8539 0.0000 0.0000 0.6887 -1.0000 0.9708 0.3139 -0.2605 -0.5921 -0.3024 0.6556 0.9415 0.1639 0.0000 0.0000 0.0000 0.0000 -0.1804 -1.0000 0.0000 0.0000 1.0000 -1.0000 0.0000 0.0000 0.0445 0.6188 0.0000 0.0000
2.0000 1.0000 0.0000 0.0000 0.0000 0.9892 -0.2270 0.1892 -0.0541 0.0000 0.0000 0.9324 0.0730 1.0000 -0.2000 1.0000 0.0703 1.0000 -0.1135 0.0000 0.0000 1.0000 -0.2108 1.0000 -0.4162 0.0000 0.0000 1.0000 -0.1757 0.0000 0.0000 1.0000 -0.2595 0.2892 -0.1568
2.0000 1.0000 0.0000 1.0000 1.0000 1.0000 -1.0000 0.0000 0.0000 0.0000 0.0000 1.0000 1.0000 1.0000 -1.0000 1.0000 1.0000 1.0000 -1.0000 0.0000 0.0000 0.0000 0.0000 1.0000 -0.2778 0.0000 0.0000 1.0000 -1.0000 1.0000 1.0000 1.0000 -1.0000 0.0000 0.0000
2.0000 1.0000 0.0000 0.0000 0.0000 1.0000 -1.0000 0.0000 0.0000 0.0000 0.0000 1.0000 1.0000 1.0000 -0.2534 1.0000 0.2329 1.0000 -1.0000 0.0000 0.0000 0.0000 0.0000 1.0000 1.0000 0.0000 0.0000 1.0000 -1.0000 0.0000 0.0000 1.0000 -1.0000 0.0000 0.0000
2.0000 1.0000 0.0000 -1.0000 0.2811 0.2222 0.1503 -0.7569 -0.7098 -0.3072 0.7124 -1.0000 1.0000 -0.8170 0.3399 -0.7909 -0.0261 -0.9804 -0.8301 -0.6013 -0.5425 -0.0457 -0.8301 0.9412 -0.9412 -1.0000 -0.4314 0.7439 0.0918 -1.0000 0.0523 0.1830 0.0261 -0.4020 -0.4824
2.0000 1.0000 0.0000 -0.2667 0.4000 -0.2730 0.1216 -0.1778 -0.0444 0.0619 -0.0688 0.0446 0.0257 -0.0089 0.0273 -0.0159 -0.0017 -0.0009 -0.0088 0.0047 -0.0015 0.0014 0.0024 -0.0011 0.0010 -0.0007 -0.0005 0.0002 -0.0004 0.0003 0.0001 0.0000 0.0001 -0.0001 0.0000
2.0000 1.0000 0.0000 0.9453 -0.0352 -1.0000 -0.3320 -1.0000 -0.0156 0.9727 0.0117 0.9336 -0.0195 -1.0000 0.1641 -1.0000 -0.0039 0.9531 -0.0352 0.9219 -0.0273 -0.9922 0.1172 -0.9336 0.3477 0.9570 -0.0039 0.8204 0.1376 0.9023 -0.0664 -1.0000 -0.1875 -1.0000 -0.3438
2.0000 1.0000 0.0000 1.0000 -0.0553 1.0000 -1.0000 0.5000 -0.1111 0.3611 -0.2222 1.0000 -0.2571 0.1667 -0.1111 1.0000 -0.3466 1.0000 -0.3885 1.0000 -0.4286 0.0000 -0.2500 1.0000 -0.5033 1.0000 -0.2778 1.0000 -0.5709 1.0000 -0.2778 1.0000 -0.6316 1.0000 -0.6593
2.0000 1.0000 0.0000 0.6274 -0.0784 0.7255 0.0000 0.6078 -0.0784 0.6274 -0.1177 0.6863 -0.1177 0.6667 -0.1373 0.6471 -0.0980 0.5490 -0.1177 0.5490 -0.2157 0.5882 -0.1961 0.6667 -0.2353 0.4510 -0.2549 0.5241 -0.2467 0.5686 -0.3137 0.4314 -0.2157 0.4706 -0.2745
2.0000 1.0000 0.0000 -0.6562 0.1562 0.0625 0.0000 0.0000 0.0625 0.6250 0.0625 0.1875 0.0000 -0.0312 0.0938 0.0625 0.0000 0.1562 -0.1562 0.4375 -0.3750 0.0000 -0.0938 0.0000 0.0000 0.0312 -0.4688 0.0312 0.0000 -0.7188 0.0312 -0.0312 0.0000 0.0000 0.0938
2.0000 1.0000 0.0000 0.8527 0.0543 1.0000 0.0807 1.0000 1.0000 0.9147 -0.0077 0.8372 0.0388 1.0000 0.2715 1.0000 1.0000 0.8139 0.0465 0.9070 0.1163 1.0000 0.5067 1.0000 -1.0000 0.8062 0.0388 1.0000 0.7161 0.8450 0.0698 1.0000 0.8732 1.0000 1.0000
2.0000 1.0000 0.0000 -0.2050 0.2875 0.2300 0.1000 0.2825 0.3175 0.3225 0.3500 0.3629 -0.3462 0.0925 0.2750 -0.0950 0.2100 -0.0875 0.2350 -0.3419 0.3141 -0.4800 -0.0800 0.2991 0.3318 -0.5800 -0.2400 0.3219 -0.2848 -0.4700 0.1850 -0.2710 -0.3123 0.4044 0.0305
2.0000 1.0000 0.0000 0.0587 -0.0084 0.0670 0.0084 0.0000 -0.0112 0.0056 -0.0391 0.0168 -0.0754 -0.0056 0.0531 0.0643 -0.0335 0.0000 0.0950 -0.0643 0.0754 -0.0475 0.0251 0.0279 -0.0056 0.0084 0.0056 0.1033 -0.0084 0.0307 -0.0028 0.0447 0.0000 0.0475 -0.0335
2.0000 1.0000 0.0000 0.0546 0.0144 -0.0259 0.0460 0.0144 0.0460 -0.0776 0.0086 0.0172 -0.0661 -0.0374 0.0431 -0.0833 -0.0460 -0.0948 0.0805 -0.0402 0.0517 0.0201 0.0230 -0.0374 -0.0115 0.0316 -0.0086 0.0086 0.0172 0.0259 0.0115 0.0259 0.0115 -0.0460 -0.0057
2.0000 1.0000 0.0000 0.0385 0.0257 0.0043 0.0000 0.0200 -0.0200 0.0214 -0.0499 -0.0485 -0.0128 0.0143 -0.0228 0.0000 -0.0328 -0.0471 -0.0285 -0.0171 0.0357 0.0214 0.0043 0.0514 -0.0228 0.0514 0.0185 0.0399 0.0157 0.0200 0.0071 -0.0257 -0.0185 -0.0143 0.0200
2.0000 1.0000 0.0000 0.0870 0.0069 0.1396 -0.0412 0.1053 -0.0824 0.1259 -0.0618 0.2334 -0.0114 0.1236 0.0778 0.1464 -0.1350 0.2906 -0.0481 0.1899 0.0732 0.1167 0.0000 0.1121 -0.0023 0.1510 -0.1030 0.0847 0.0137 0.1121 -0.0664 0.0961 -0.0732 0.1167 -0.0687
2.0000 1.0000 0.0000 0.0198 0.0070 0.0409 -0.0085 0.0212 0.0113 0.0113 0.0437 0.0028 0.0014 0.0198 -0.0310 -0.0198 0.0607 -0.0409 0.0268 -0.0240 -0.0042 0.0437 -0.0254 0.0183 0.0000 0.0000 -0.0127 0.0183 -0.0113 0.0056 -0.0155 -0.0169 -0.0240 0.0070 0.0000
2.0000 1.0000 0.0000 1.0000 -1.0000 1.0000 1.0000 -1.0000 1.0000 1.0000 -1.0000 1.0000 -1.0000 -1.0000 -1.0000 -1.0000 1.0000 1.0000 1.0000 1.0000 1.0000 -1.0000 1.0000 1.0000 -1.0000 1.0000 -1.0000 1.0000 1.0000 1.0000 1.0000 -1.0000 1.0000 -1.0000 1.0000
2.0000 1.0000 0.0000 1.0000 1.0000 1.0000 0.5125 0.6250 -1.0000 1.0000 1.0000 0.0250 0.0312 1.0000 1.0000 0.0000 0.0000 1.0000 -1.0000 1.0000 1.0000 1.0000 1.0000 0.3125 1.0000 1.0000 1.0000 1.0000 1.0000 1.0000 1.0000 -0.9437 1.0000 0.0000 0.0000
2.0000 1.0000 0.0000 0.0000 0.0000 -1.0000 -1.0000 -1.0000 1.0000 0.0000 0.0000 -1.0000 1.0000 1.0000 1.0000 1.0000 -1.0000 0.0000 0.0000 0.0000 0.0000 -1.0000 -1.0000 -1.0000 1.0000 1.0000 0.4375 1.0000 -1.0000 0.0000 0.0000 -1.0000 -1.0000 -1.0000 1.0000
2.0000 0.0000 0.0000 0.0000 0.0000 0.0000 0.0000 0.0000 0.0000 0.0000 0.0000 0.0000 0.0000 0.0000 0.0000 0.0000 0.0000 0.0000 0.0000 0.0000 0.0000 0.0000 0.0000 0.0000 0.0000 0.0000 0.0000 1.0000 0.0000 0.0000 0.0000 0.0000 0.0000 0.0000 0.0000
2.0000 0.0000 0.0000 -1.0000 1.0000 1.0000 1.0000 0.0000 0.0000 1.0000 -1.0000 1.0000 -1.0000 1.0000 -1.0000 -1.0000 -1.0000 0.0000 0.0000 -1.0000 -1.0000 0.0000 0.0000 0.0000 0.0000 -1.0000 -1.0000 1.0000 -1.0000 1.0000 1.0000 -1.0000 -1.0000 0.0000 0.0000
2.0000 0.0000 0.0000 0.0000 0.0000 0.0000 0.0000 0.0000 0.0000 0.0000 0.0000 0.0000 0.0000 -1.0000 -1.0000 0.0000 0.0000 1.0000 0.7500 0.0000 0.0000 0.0000 0.0000 -1.0000 1.0000 0.0000 0.0000 1.0000 -1.0000 -1.0000 -1.0000 1.0000 1.0000 0.0000 0.0000
2.0000 1.0000 0.0000 0.6212 -0.6364 0.0000 0.0000 0.0000 0.0000 0.3447 0.2879 0.4280 0.3939 -0.0758 0.5189 0.3636 0.3144 -0.5379 0.3296 0.1212 -0.1477 0.0189 -0.5341 -0.5758 0.1780 0.2917 -0.2727 0.2576 -0.5758 0.4318 0.2424 0.1818 -0.0227 0.1704 -0.4167
2.0000 1.0000 0.0000 0.0000 0.0000 -1.0000 -0.6277 1.0000 0.5106 0.0798 -0.2340 -1.0000 -0.3617 0.1277 -0.5904 1.0000 -1.0000 0.0000 0.0000 0.8298 -0.0798 -0.2500 1.0000 0.1702 -0.7075 0.0000 0.0000 -0.1915 -0.4681 -0.2234 -0.4894 0.7447 0.9043 -0.6755 0.4575
2.0000 1.0000 0.0000 0.1859 -0.1667 0.0000 0.0000 0.0000 0.0000 0.0000 0.0000 0.0000 0.0000 0.1154 -0.1907 0.0000 0.0000 0.0000 0.0000 0.0000 0.0000 0.0000 0.0000 -0.0513 -0.0657 0.0785 0.0897 0.1731 -0.1090 0.1250 0.0961 0.0256 -0.0481 0.1683 0.1955
2.0000 1.0000 0.0000 1.0000 1.0000 -1.0000 1.0000 -1.0000 -0.8246 0.3465 0.2105 0.4605 0.0702 0.2281 0.0570 0.3509 0.3465 0.7281 -0.0395 0.2281 0.5307 0.0000 0.0000 -0.2983 -0.1623 1.0000 -0.6667 1.0000 -1.0000 1.0000 -0.2456 0.3509 0.2018 0.8289 0.0790
2.0000 0.0000 0.0000 -1.0000 1.0000 1.0000 -1.0000 0.0000 0.0000 0.0000 0.0000 1.0000 -1.0000 1.0000 1.0000 0.0000 0.0000 1.0000 -1.0000 0.0000 0.0000 0.0000 0.0000 1.0000 1.0000 -1.0000 1.0000 1.0000 -1.0000 -1.0000 1.0000 -1.0000 -1.0000 0.0000 0.0000
2.0000 1.0000 0.0000 -1.0000 -1.0000 -0.5069 1.0000 1.0000 -1.0000 1.0000 0.5382 0.0000 0.0000 0.2396 -1.0000 1.0000 1.0000 0.0000 0.0000 1.0000 1.0000 1.0000 1.0000 0.0000 0.0000 -0.7153 1.0000 0.3333 -1.0000 1.0000 -1.0000 0.6979 -1.0000 0.4757 1.0000
2.0000 1.0000 0.0000 1.0000 1.0000 0.0000 0.0000 1.0000 -1.0000 -1.0000 -1.0000 1.0000 1.0000 1.0000 -1.0000 0.0000 0.0000 1.0000 -1.0000 1.0000 1.0000 0.0000 0.0000 1.0000 -1.0000 -1.0000 -1.0000 1.0000 1.0000 -1.0000 1.0000 -1.0000 1.0000 0.0000 0.0000
2.0000 0.0000 0.0000 -1.0000 1.0000 -1.0000 -1.0000 0.0000 0.0000 -1.0000 1.0000 1.0000 -1.0000 -1.0000 -1.0000 -1.0000 1.0000 0.0000 0.0000 -1.0000 -1.0000 -1.0000 1.0000 0.0000 0.0000 1.0000 -1.0000 1.0000 1.0000 1.0000 -1.0000 1.0000 1.0000 0.0000 0.0000
2.0000 0.0000 0.0000 -1.0000 -1.0000 0.0000 0.0000 0.0000 0.0000 0.0000 0.0000 0.0000 0.0000 0.0000 0.0000 1.0000 -1.0000 0.0000 0.0000 -1.0000 -1.0000 0.0000 0.0000 1.0000 1.0000 1.0000 -1.0000 1.0000 -1.0000 0.0000 0.0000 0.0000 0.0000 0.0000 0.0000
2.0000 1.0000 0.0000 0.0000 0.0000 0.0000 0.0000 0.0000 0.0000 0.0000 0.0000 1.0000 -0.3333 0.1667 0.2604 0.0000 0.0000 0.0000 0.0000 0.0000 0.0000 -0.1979 -0.2188 -0.1667 0.9062 -1.0000 0.5000 0.0417 0.7500 -0.2292 -1.0000 -0.1250 -0.2708 -0.1979 -0.9375
2.0000 1.0000 0.0000 1.0000 -0.0952 -1.0000 -1.0000 -1.0000 -1.0000 1.0000 0.3175 0.8135 0.7619 -1.0000 -1.0000 -1.0000 1.0000 0.4736 1.0000 1.0000 1.0000 0.6884 -1.0000 -1.0000 -1.0000 0.8294 0.3651 1.0000 1.0000 1.0000 0.5079 -1.0000 -0.3254 -1.0000 0.7283
2.0000 1.0000 0.0000 1.0000 -1.0000 1.0000 1.0000 1.0000 1.0000 1.0000 -0.5000 1.0000 1.0000 1.0000 1.0000 1.0000 1.0000 0.0000 0.0000 1.0000 1.0000 1.0000 1.0000 1.0000 -1.0000 1.0000 1.0000 1.0000 0.6250 1.0000 -0.7500 -0.7500 1.0000 1.0000 1.0000
2.0000 1.0000 0.0000 0.3688 -1.0000 -1.0000 -1.0000 -0.0766 1.0000 1.0000 0.9504 0.7460 -0.3871 -1.0000 -0.7931 -0.0968 1.0000 0.4868 0.4650 0.3175 -0.2746 -0.1434 -0.2019 -0.1198 0.0689 0.0302 0.0664 0.0344 -0.0119 -0.0040 -0.0167 -0.0076 0.0011 0.0001 0.0032
2.0000 0.0000 0.0000 0.0000 0.0000 0.0000 0.0000 0.0000 0.0000 0.0000 0.0000 0.0000 0.0000 1.0000 1.0000 1.0000 1.0000 1.0000 -1.0000 0.0000 0.0000 1.0000 1.0000 1.0000 -1.0000 1.0000 1.0000 1.0000 0.0000 1.0000 1.0000 1.0000 -1.0000 0.0000 0.0000
2.0000 1.0000 0.0000 0.0000 0.0000 0.0000 0.0000 0.0000 0.0000 -0.8500 -1.0000 0.0000 0.0000 1.0000 -1.0000 0.0000 0.0000 -1.0000 -1.0000 -1.0000 -1.0000 1.0000 -1.0000 -0.6000 -1.0000 1.0000 1.0000 -1.0000 -0.2000 1.0000 -1.0000 0.0000 1.0000 0.0000 0.0000
2.0000 0.0000 0.0000 0.0000 0.0000 -1.0000 1.0000 1.0000 1.0000 -1.0000 -1.0000 0.0000 0.0000 -1.0000 -1.0000 -1.0000 -0.3125 -1.0000 -1.0000 1.0000 -1.0000 1.0000 -1.0000 0.0000 0.0000 1.0000 -1.0000 -1.0000 -1.0000 0.0000 0.0000 1.0000 -1.0000 0.0000 0.0000
2.0000 1.0000 0.0000 -1.0000 1.0000 -1.0000 0.1524 0.2835 1.0000 -1.0000 1.0000 -1.0000 -1.0000 1.0000 1.0000 -1.0000 -0.2348 0.2830 -1.0000 1.0000 1.0000 -0.3140 -1.0000 -1.0000 -1.0000 1.0000 -1.0000 -1.0000 -0.0358 1.0000 -1.0000 -1.0000 -0.3232 0.1494 1.0000
2.0000 1.0000 0.0000 -0.0064 -0.5000 0.0000 0.0000 -0.0192 1.0000 0.0000 0.0000 0.0000 0.0000 0.0000 0.0000 0.0000 0.0000 0.0000 0.0000 0.3141 0.9295 -0.3526 0.7436 -0.3462 -0.8077 0.0000 0.0000 -0.6154 -0.5128 0.0000 0.0000 0.0000 0.0000 0.0000 0.0000
2.0000 0.0000 0.0000 -1.0000 -1.0000 1.0000 -1.0000 -1.0000 1.0000 0.0000 0.0000 1.0000 -1.0000 1.0000 -1.0000 0.0000 0.0000 0.0000 0.0000 0.0000 0.0000 -1.0000 1.0000 1.0000 -1.0000 -1.0000 1.0000 1.0000 1.0000 0.0000 0.0000 1.0000 0.5000 0.0000 0.0000
2.0000 1.0000 0.0000 -1.0000 -0.5968 0.0000 0.0000 -1.0000 0.6452 -0.8710 1.0000 0.0000 0.0000 0.0000 0.0000 0.0000 0.0000 0.0000 0.0000 0.0000 0.0000 -1.0000 -1.0000 0.0000 0.0000 0.2984 0.2339 1.0000 0.5161 0.0000 0.0000 0.0000 0.0000 0.0000 0.0000
2.0000 0.0000 0.0000 1.0000 1.0000 1.0000 -1.0000 1.0000 1.0000 1.0000 1.0000 1.0000 1.0000 1.0000 -1.0000 1.0000 1.0000 1.0000 -1.0000 1.0000 -1.0000 1.0000 1.0000 1.0000 1.0000 1.0000 -1.0000 1.0000 1.0000 1.0000 1.0000 1.0000 1.0000 1.0000 1.0000
2.0000 0.0000 0.0000 1.0000 -1.0000 1.0000 1.0000 1.0000 -1.0000 1.0000 1.0000 1.0000 -1.0000 1.0000 -1.0000 1.0000 -1.0000 1.0000 1.0000 1.0000 1.0000 1.0000 1.0000 1.0000 -1.0000 1.0000 1.0000 1.0000 1.0000 1.0000 1.0000 1.0000 1.0000 1.0000 -1.0000
2.0000 0.0000 0.0000 1.0000 1.0000 1.0000 -1.0000 1.0000 -1.0000 1.0000 1.0000 0.0000 0.0000 1.0000 -1.0000 0.0000 0.0000 0.0000 0.0000 0.0000 0.0000 -1.0000 1.0000 1.0000 1.0000 0.0000 0.0000 1.0000 1.0000 0.0000 0.0000 -1.0000 -1.0000 0.0000 0.0000
2.0000 0.0000 0.0000 1.0000 -1.0000 -1.0000 1.0000 -1.0000 1.0000 1.0000 1.0000 1.0000 1.0000 -1.0000 -1.0000 -1.0000 -1.0000 1.0000 1.0000 1.0000 -1.0000 -1.0000 -1.0000 -1.0000 -1.0000 1.0000 0.0000 1.0000 -1.0000 1.0000 -1.0000 -1.0000 1.0000 -1.0000 1.0000
2.0000 0.0000 0.0000 1.0000 -1.0000 1.0000 1.0000 1.0000 -1.0000 1.0000 1.0000 1.0000 -1.0000 1.0000 1.0000 1.0000 -1.0000 1.0000 -1.0000 1.0000 1.0000 1.0000 1.0000 1.0000 -1.0000 1.0000 -1.0000 1.0000 -1.0000 1.0000 1.0000 1.0000 -1.0000 1.0000 1.0000
2.0000 0.0000 0.0000 0.0000 0.0000 1.0000 1.0000 0.0000 0.0000 1.0000 1.0000 0.0000 0.0000 1.0000 -1.0000 0.0000 0.0000 0.0000 0.0000 0.0000 0.0000 0.0000 0.0000 0.0000 0.0000 0.0000 0.0000 1.0000 -1.0000 0.0000 0.0000 -1.0000 1.0000 0.0000 0.0000
2.0000 0.0000 0.0000 0.0000 0.0000 1.0000 1.0000 1.0000 1.0000 0.0000 0.0000 0.0000 0.0000 -1.0000 -1.0000 0.0000 0.0000 -1.0000 -1.0000 0.0000 0.0000 0.0000 0.0000 1.0000 1.0000 0.0000 0.0000 1.0000 1.0000 0.0000 0.0000 -1.0000 1.0000 0.0000 0.0000
2.0000 0.0000 0.0000 1.0000 -1.0000 1.0000 1.0000 1.0000 1.0000 1.0000 1.0000 1.0000 1.0000 1.0000 -1.0000 1.0000 1.0000 1.0000 1.0000 1.0000 -1.0000 1.0000 -1.0000 1.0000 -1.0000 1.0000 -1.0000 1.0000 1.0000 1.0000 -1.0000 1.0000 1.0000 1.0000 1.0000
2.0000 0.0000 0.0000 0.0000 0.0000 0.0000 0.0000 0.0000 0.0000 0.0000 0.0000 0.0000 0.0000 0.0000 0.0000 0.0000 0.0000 0.0000 0.0000 0.0000 0.0000 0.0000 0.0000 0.0000 0.0000 0.0000 0.0000 1.0000 1.0000 0.0000 0.0000 0.0000 0.0000 0.0000 0.0000
2.0000 0.0000 0.0000 1.0000 1.0000 -1.0000 -1.0000 -1.0000 -1.0000 0.0000 0.0000 0.0000 0.0000 -1.0000 -1.0000 0.0000 0.0000 0.0000 0.0000 0.0000 0.0000 -1.0000 1.0000 1.0000 1.0000 0.0000 0.0000 1.0000 -1.0000 0.0000 0.0000 -1.0000 -1.0000 -1.0000 -1.0000
2.0000 1.0000 0.0000 0.6873 1.0000 0.9197 -0.7609 0.8177 0.0435 0.7609 0.1070 0.8679 0.7375 0.7007 0.1823 0.7592 0.1371 0.9348 -0.2508 0.7074 0.1873 0.6488 0.2458 0.6020 0.7742 1.0000 -0.5385 0.8926 0.2222 0.7107 0.5385 1.0000 -0.0652 0.5652 0.2391
2.0000 1.0000 0.0000 0.3852 0.1556 0.4124 0.0739 0.2646 0.2412 0.2335 0.1323 0.1946 0.2529 0.2451 0.3696 0.0895 0.2296 -0.0389 0.3696 0.0506 0.2490 0.2490 0.0973 0.0778 0.2996 -0.0249 0.2848 -0.0602 0.2626 -0.1479 0.1479 -0.0934 0.3113 -0.1907 0.2879
2.0000 1.0000 0.0000 0.0640 -0.1527 -0.0443 0.0591 0.0837 -0.0246 -0.0148 0.1872 0.0640 0.0000 0.1231 -0.0985 0.0591 0.0000 0.0197 -0.0296 -0.1281 -0.2069 0.0690 0.0148 0.0690 0.0296 0.0788 0.1626 0.2808 -0.0493 -0.0591 -0.0936 0.0443 0.0542 0.0739 -0.1084
2.0000 1.0000 0.0000 0.2532 0.3595 0.0000 0.0000 -0.2962 -1.0000 0.0000 0.0000 0.0760 -0.0734 0.0000 0.0000 0.0000 0.0000 0.0000 0.0000 0.0000 0.0000 0.0076 0.6810 -0.2000 0.3367 -0.1038 0.3570 0.0557 -1.0000 0.0000 0.0000 0.0633 -1.0000 0.0000 0.0000
2.0000 1.0000 0.0000 0.4271 -0.5000 0.0000 0.0000 0.0000 0.0000 0.4646 0.5104 0.5896 0.0208 0.0000 0.0000 0.0000 0.0000 0.1646 -0.4542 0.5917 -0.1833 0.0000 0.0000 0.0000 0.0000 0.9875 -0.4083 -1.0000 -1.0000 -0.2792 -0.7562 0.0000 0.0000 0.0000 0.0000
2.0000 1.0000 0.0000 0.0000 0.0000 1.0000 0.1289 0.8844 -0.0200 0.0000 0.0000 1.0000 -0.4244 1.0000 0.1956 1.0000 -0.0533 1.0000 -0.8156 0.0000 0.0000 1.0000 -0.0400 1.0000 -0.1867 0.0000 0.0000 1.0000 -1.0000 0.0000 0.0000 1.0000 0.1178 0.9067 -0.0956
2.0000 1.0000 0.0000 0.0000 0.0000 0.0000 0.0000 0.0000 0.0000 0.0000 0.0000 0.0000 0.0000 -1.0000 1.0000 1.0000 0.5517 0.0000 0.0000 0.0000 0.0000 0.0000 0.0000 0.0000 0.0000 0.0000 0.0000 1.0000 1.0000 0.0000 0.0000 0.0000 0.0000 0.0000 0.0000
2.0000 0.0000 0.0000 0.0000 0.0000 0.0000 0.0000 0.0000 0.0000 0.0000 0.0000 0.0000 0.0000 0.0000 0.0000 0.0000 0.0000 0.0000 0.0000 0.0000 0.0000 0.0000 0.0000 0.0000 0.0000 0.0000 0.0000 1.0000 -1.0000 0.0000 0.0000 0.0000 0.0000 0.0000 0.0000
2.0000 1.0000 0.0000 0.0000 0.0000 0.0000 0.0000 1.0000 1.0000 -1.0000 -1.0000 0.0000 0.0000 1.0000 -0.1111 0.0000 0.0000 0.0000 0.0000 -1.0000 1.0000 1.0000 1.0000 1.0000 -1.0000 0.0000 0.0000 1.0000 -1.0000 0.0000 0.0000 0.0000 0.0000 1.0000 1.0000
2.0000 1.0000 0.0000 0.0000 0.0000 0.0000 0.0000 0.0000 0.0000 -1.0000 1.0000 0.0000 0.0000 1.0000 0.3733 -0.1200 -0.1200 0.0000 0.0000 -1.0000 -1.0000 0.0000 0.0000 1.0000 -1.0000 0.0000 0.0000 1.0000 0.2267 0.0000 0.0000 0.0000 0.0000 0.0000 0.0000
