1.0000 0.3529 0.7437 0.5902 0.3535 0.0000 0.5007 0.2591 0.6173
2.0000 0.0588 0.4271 0.5410 0.2929 0.0000 0.3964 0.1450 0.3827
1.0000 0.4706 0.9196 0.5246 0.0000 0.0000 0.3472 0.2777 0.3951
2.0000 0.0588 0.4472 0.5410 0.2323 0.1111 0.4188 0.0690 0.2593
1.0000 0.0000 0.6884 0.3279 0.3535 0.1986 0.6423 0.9455 0.4074
2.0000 0.2941 0.5829 0.6066 0.0000 0.0000 0.3815 0.0831 0.3704
1.0000 0.1765 0.3920 0.4098 0.3232 0.1040 0.4620 0.1025 0.3210
2.0000 0.5882 0.5779 0.0000 0.0000 0.0000 0.5261 0.0554 0.3580
1.0000 0.1176 0.9899 0.5738 0.4545 0.6418 0.4545 0.0653 0.6543
1.0000 0.4706 0.6281 0.7869 0.0000 0.0000 0.0000 0.0959 0.6667
2.0000 0.2353 0.5528 0.7541 0.0000 0.0000 0.5604 0.0789 0.3704
1.0000 0.5882 0.8442 0.6066 0.0000 0.0000 0.5663 0.2219 0.4198
2.0000 0.5882 0.6985 0.6557 0.0000 0.0000 0.4039 0.5955 0.7037
1.0000 0.0588 0.9497 0.4918 0.2323 1.0000 0.4486 0.1645 0.7284
1.0000 0.2941 0.8342 0.5902 0.1919 0.2069 0.3845 0.2426 0.6296
1.0000 0.4118 0.5025 0.0000 0.0000 0.0000 0.4471 0.2000 0.3951
1.0000 0.0000 0.5930 0.6885 0.4747 0.2719 0.6826 0.2277 0.3827
1.0000 0.4118 0.5377 0.6066 0.0000 0.0000 0.4411 0.1050 0.3827
2.0000 0.0588 0.5176 0.2459 0.3838 0.0981 0.6453 0.0756 0.4074
1.0000 0.0588 0.5779 0.5738 0.3030 0.1135 0.5156 0.2186 0.3951
2.0000 0.1765 0.6332 0.7213 0.4141 0.2778 0.5857 0.2909 0.3333
2.0000 0.4706 0.4975 0.6885 0.0000 0.0000 0.5276 0.1603 0.6173
1.0000 0.4118 0.9849 0.7377 0.0000 0.0000 0.5931 0.1864 0.5062
1.0000 0.5294 0.5980 0.6557 0.3535 0.0000 0.4322 0.1087 0.3580
1.0000 0.6471 0.7186 0.7705 0.3333 0.1726 0.5455 0.1050 0.6296
1.0000 0.5882 0.6281 0.5738 0.2626 0.1359 0.4635 0.0847 0.5062
1.0000 0.4118 0.7387 0.6230 0.0000 0.0000 0.5872 0.1062 0.5309
2.0000 0.0588 0.4874 0.5410 0.1515 0.1655 0.3458 0.2012 0.2716
2.0000 0.7647 0.7286 0.6721 0.1919 0.1300 0.3308 0.1012 0.7037
2.0000 0.2941 0.5879 0.7541 0.0000 0.0000 0.5082 0.1393 0.4691
2.0000 0.2941 0.5477 0.6148 0.2626 0.0000 0.5365 0.2256 0.7407
1.0000 0.1765 0.7940 0.6230 0.3636 0.2896 0.4709 0.3517 0.3457
2.0000 0.1765 0.4422 0.4754 0.1111 0.0638 0.3696 0.1103 0.2716
2.0000 0.3529 0.4623 0.7541 0.0000 0.0000 0.2966 0.0777 0.3457
2.0000 0.5882 0.6131 0.6393 0.3131 0.0000 0.4113 0.2116 0.5556
2.0000 0.2353 0.5176 0.4918 0.3333 0.2270 0.3577 0.3992 0.4074
2.0000 0.6471 0.6935 0.6230 0.0000 0.0000 0.4948 0.1736 0.4321
1.0000 0.5294 0.5126 0.6230 0.3737 0.0000 0.4903 0.2748 0.5679
1.0000 0.1176 0.4523 0.5574 0.4242 0.0000 0.5693 0.2079 0.3333
1.0000 0.2353 0.5578 0.5902 0.4747 0.2447 0.5529 0.5744 0.6914
2.0000 0.1765 0.9045 0.5246 0.2525 0.0827 0.5067 0.1120 0.3210
2.0000 0.4118 0.6683 0.6885 0.0000 0.0000 0.5991 0.2876 0.4568
2.0000 0.4118 0.5327 0.7541 0.1818 0.0000 0.3383 0.0971 0.5926
1.0000 0.5294 0.8593 0.9016 0.2424 0.2837 0.6766 0.2979 0.6667
2.0000 0.4118 0.7990 0.5246 0.0000 0.0000 0.4083 0.1215 0.4938
1.0000 0.0000 0.9045 0.5410 0.3939 0.0000 0.6259 0.7822 0.3086
2.0000 0.0588 0.7337 0.4590 0.0000 0.0000 0.4426 0.2331 0.3580
2.0000 0.1176 0.3568 0.5738 0.2727 0.0000 0.4173 0.2421 0.2716
1.0000 0.4118 0.5176 0.5410 0.3232 0.0000 0.5827 0.1421 0.3827
2.0000 0.4118 0.5276 0.0000 0.0000 0.0000 0.0000 0.1260 0.2963
2.0000 0.0588 0.5176 0.6557 0.1111 0.0969 0.2891 0.2029 0.2716
2.0000 0.0588 0.5075 0.4098 0.1515 0.0426 0.3607 0.2174 0.3210
2.0000 0.2941 0.4422 0.5410 0.2121 0.0272 0.3636 0.1413 0.3704
1.0000 0.4706 0.8844 0.7377 0.3434 0.3546 0.5022 0.1930 0.7160
2.0000 0.4118 0.7538 0.5410 0.4242 0.4043 0.5171 0.2967 0.5185
2.0000 0.0588 0.3668 0.4098 0.1010 0.0000 0.3428 0.1025 0.2593
1.0000 0.4118 0.9397 0.5574 0.3939 0.3593 0.5618 0.1050 0.5062
2.0000 0.0000 0.5025 0.7213 0.6061 0.1300 0.6975 0.3975 0.3827
2.0000 0.0000 0.7337 0.6721 0.0000 0.0000 0.6036 0.7360 0.5432
2.0000 0.0000 0.5276 0.5246 0.4141 0.1678 0.6185 0.0715 0.2716
2.0000 0.1176 0.4221 0.0000 0.0000 0.0000 0.0000 0.1256 0.2593
1.0000 0.4706 0.6683 0.5902 0.0000 0.0000 0.4903 0.1116 0.4815
2.0000 0.2941 0.2211 0.5082 0.0000 0.0000 0.3726 0.2426 0.4444
2.0000 0.1176 0.7085 0.4754 0.3434 0.1513 0.3785 0.2888 0.2963
1.0000 0.4118 0.5729 0.5410 0.0000 0.0000 0.4888 0.1066 0.5185
2.0000 0.2941 0.4975 0.6066 0.2727 0.0000 0.4322 0.0839 0.3951
1.0000 0.0000 0.5477 0.7213 0.3030 0.0000 0.4844 0.3533 0.4691
2.0000 0.1176 0.5477 0.7541 0.0000 0.0000 0.6364 0.3492 0.6667
2.0000 0.0588 0.4774 0.5410 0.1313 0.0449 0.2921 0.1380 0.3086
2.0000 0.2353 0.7337 0.6967 0.2727 0.1182 0.4307 0.0781 0.3333
1.0000 0.1176 0.5025 0.5410 0.2020 0.1064 0.4903 0.3583 0.3457
2.0000 0.2941 0.6985 0.5246 0.3535 0.1655 0.4262 0.1698 0.3210
1.0000 0.7647 0.6332 0.7377 0.0000 0.0000 0.6468 0.2409 0.5185
2.0000 0.2353 0.6482 0.7049 0.2020 0.3191 0.5231 0.0955 0.2840
2.0000 0.0588 0.3970 0.6148 0.3030 0.0000 0.4769 0.1636 0.2716
2.0000 0.0588 0.0000 0.3934 0.2020 0.0000 0.3681 0.0579 0.2716
2.0000 0.4118 0.3116 0.6393 0.0000 0.0000 0.4858 0.1616 0.5062
2.0000 0.2941 0.4774 0.5902 0.3333 0.0000 0.5618 0.1529 0.3333
1.0000 0.0000 0.6583 0.0000 0.0000 0.0000 0.6438 0.1116 0.3210
2.0000 0.1176 0.5628 0.5410 0.2222 0.0000 0.3726 0.1269 0.2963
2.0000 0.1765 0.5678 0.3607 0.1313 0.0000 0.3338 0.0579 0.2716
2.0000 0.1176 0.3719 0.0000 0.0000 0.0000 0.0000 0.0421 0.2716
2.0000 0.4118 0.4171 0.6393 0.2626 0.0839 0.4367 0.3169 0.4444
2.0000 0.0000 0.5075 0.5328 0.2828 0.0000 0.3666 0.0979 0.2716
1.0000 0.2941 0.6884 0.8852 0.0000 0.0000 0.7273 0.0938 0.4568
2.0000 0.1176 0.5528 0.6066 0.2929 0.1478 0.4829 0.2884 0.3333
2.0000 0.7647 0.5327 0.5902 0.5455 0.0000 0.5455 0.0736 0.5556
2.0000 0.1176 0.5025 0.5574 0.2525 0.0839 0.5738 0.1339 0.3210
1.0000 0.8824 0.6834 0.5738 0.3232 0.1300 0.5529 0.0632 0.5309
2.0000 0.0588 0.5377 0.5574 0.1919 0.0000 0.3949 0.0682 0.2963
2.0000 0.0588 0.4020 0.4508 0.0000 0.0000 0.2846 0.1066 0.2593
2.0000 0.2353 0.6181 0.6557 0.1515 0.2080 0.4769 0.1831 0.4198
2.0000 0.4118 0.4070 0.6393 0.4040 0.0567 0.6960 0.1079 0.5185
1.0000 0.2353 0.6734 0.5902 0.0000 0.0000 0.3547 0.1145 0.7407
2.0000 0.1176 0.7136 0.6721 0.1818 0.0757 0.3681 0.3145 0.2593
2.0000 0.3529 0.7236 0.5902 0.2727 0.2695 0.5052 0.1054 0.4938
2.0000 0.1176 0.4623 0.5082 0.2828 0.0000 0.4709 0.0537 0.2963
2.0000 0.0588 0.3568 0.3934 0.1818 0.0898 0.3040 0.1335 0.2716
2.0000 0.3529 0.4673 0.4098 0.3030 0.0757 0.4277 0.1471 0.2840
1.0000 0.0588 0.6131 0.7377 0.5152 0.2600 0.7407 0.1343 0.3827
1.0000 0.0588 0.8191 0.5902 0.0000 0.0000 0.5812 0.5050 0.4074
2.0000 0.0588 0.7588 0.4918 0.0000 0.0000 0.3890 0.0740 0.2716
2.0000 0.0000 0.6281 0.7869 0.0000 0.0000 0.3353 0.1083 0.2593
2.0000 0.0588 0.4070 0.5902 0.1818 0.0473 0.3964 0.1169 0.2963
2.0000 0.1176 0.4271 0.5328 0.0000 0.0000 0.5902 0.3843 0.3333
2.0000 0.0588 0.6332 0.4590 0.2929 0.1797 0.4277 0.3310 0.2593
2.0000 0.0588 0.4824 1.0000 0.0000 0.0000 0.3338 0.0855 0.3333
2.0000 0.2353 0.7236 0.4754 0.2828 0.1655 0.4396 0.1186 0.4568
2.0000 0.1765 0.4171 0.4754 0.3131 0.0213 0.5112 0.1388 0.3086
1.0000 0.0000 0.4774 0.6967 0.2525 0.0426 0.5574 0.1021 0.2963
1.0000 0.1765 0.8593 0.5902 0.3333 0.1596 0.4963 0.0822 0.2963
1.0000 0.4706 0.7789 0.5082 0.2626 0.5851 0.5067 0.2244 0.5679
2.0000 0.0588 0.4472 0.6230 0.3434 0.0437 0.4650 0.0793 0.2840
2.0000 0.2353 0.3819 0.5082 0.0000 0.0000 0.5067 0.1616 0.3086
1.0000 0.4118 0.8040 0.4426 0.3232 0.2069 0.4545 0.2430 0.4815
1.0000 0.2353 0.7337 0.7541 0.0000 0.0000 0.4650 0.2227 0.7531
1.0000 0.2941 0.6231 0.6066 0.0000 0.0000 0.5067 0.0909 0.4691
2.0000 0.2941 0.3920 0.3934 0.0000 0.0000 0.5022 0.2702 0.3086
2.0000 0.2353 0.4874 0.4918 0.2323 0.0000 0.4203 0.1831 0.2716
2.0000 0.2353 0.4975 0.6230 0.1515 0.0603 0.3458 0.0921 0.2593
1.0000 0.0000 0.8141 0.6230 0.5657 0.1182 0.7928 0.3136 0.3086
2.0000 0.3529 0.5578 0.5246 0.3939 0.0000 0.5097 0.1074 0.2963
2.0000 0.1176 0.5377 0.6066 0.3030 0.1182 0.5007 0.1669 0.2840
2.0000 0.2941 0.6633 0.6557 0.0000 0.0000 0.3994 0.0769 0.8519
1.0000 0.0000 0.5678 0.6230 0.0000 0.0000 0.4963 0.1149 0.2840
1.0000 0.0588 0.4422 0.2459 0.4242 0.1170 0.8197 0.2050 0.3210
2.0000 0.1765 0.6030 0.5738 0.3030 0.1596 0.6393 0.1868 0.3704
2.0000 0.0588 0.5930 0.4754 0.3636 0.1111 0.4963 0.1079 0.2840
1.0000 0.0588 0.5879 0.7213 0.2424 0.1714 0.5142 0.1665 0.4938
1.0000 0.0000 0.5276 0.6885 0.0000 0.0000 0.4158 0.3062 0.7654
1.0000 0.2353 0.8693 0.5738 0.1414 0.1986 0.4426 0.1492 0.4074
1.0000 0.5294 0.6131 0.4590 0.0000 0.0000 0.4963 0.4603 0.4074
1.0000 0.1765 0.8543 0.5246 0.3737 0.2660 0.5142 0.1471 0.3704
2.0000 0.4706 0.4221 0.6066 0.3131 0.0000 0.5708 0.1888 0.4815
2.0000 0.1176 0.4824 0.5574 0.1313 0.0579 0.3145 0.2674 0.3210
2.0000 0.1176 0.6281 0.4918 0.2020 0.1655 0.5037 0.0364 0.3827
2.0000 0.0000 0.5025 0.5738 0.2626 0.0591 0.4590 0.2467 0.2593
2.0000 0.0000 0.4673 0.4918 0.2525 0.1087 0.4277 0.2198 0.2716
2.0000 0.0000 0.6482 0.6557 0.0000 0.0000 0.4650 0.2905 0.3580
2.0000 0.2941 0.5276 0.5902 0.2929 0.3842 0.5499 0.0657 0.3457
2.0000 0.1765 0.6432 0.6393 0.0000 0.0000 0.3145 0.1107 0.6790
2.0000 0.2941 0.5327 0.6721 0.3030 0.0000 0.5887 0.1182 0.4691
2.0000 0.1176 0.5427 0.4262 0.2626 0.0745 0.4844 0.1314 0.2716
1.0000 0.5882 0.5427 0.5410 0.0000 0.0000 0.4829 0.1124 0.5185
2.0000 0.2353 0.7739 0.5082 0.3131 0.3357 0.4888 0.0979 0.2840
2.0000 0.0000 0.5126 0.6148 0.2323 0.0000 0.0000 0.2364 0.2593
2.0000 0.5294 0.2864 0.6557 0.3737 0.0000 0.4888 0.0397 0.5062
2.0000 0.1176 0.5327 0.5246 0.3535 0.1407 0.4545 0.5785 0.4198
2.0000 0.2941 0.7387 0.6393 0.0000 0.0000 0.5022 0.0901 0.8025
2.0000 0.1176 0.4523 0.5738 0.1717 0.0000 0.4069 0.0351 0.2716
2.0000 0.0588 0.6834 0.6066 0.5051 0.2411 0.5574 0.1649 0.2963
2.0000 0.2353 0.5729 0.5328 0.0000 0.0000 0.3264 0.1785 0.4568
1.0000 0.5294 0.7839 0.7049 0.2828 0.1832 0.5112 0.4913 0.5185
2.0000 0.0588 0.7688 0.6721 0.4242 0.5733 0.6051 0.2839 0.2840
1.0000 0.4706 0.9447 0.6393 0.0000 0.0000 0.7139 0.0566 0.5309
1.0000 0.4118 0.7638 0.7213 0.4444 0.0000 0.7452 0.1393 0.4444
2.0000 0.1176 0.4975 0.4262 0.1515 0.1111 0.3666 0.2632 0.2593
2.0000 0.0588 0.5477 0.4590 0.2121 0.1596 0.3756 0.3442 0.2840
2.0000 0.1176 0.4422 0.6066 0.1919 0.0626 0.4322 0.0946 0.2716
1.0000 1.0000 0.8191 0.5902 0.4141 0.1348 0.6095 0.3376 0.5802
2.0000 0.2353 0.7588 0.7377 0.3838 0.0000 0.4426 0.1215 0.4444
2.0000 0.4118 0.5126 0.6066 0.4040 0.1241 0.5544 0.0843 0.5556
2.0000 0.0000 0.5729 0.6557 0.3434 0.3369 0.6587 0.0690 0.3333
2.0000 0.1176 0.5025 0.5246 0.2323 0.0000 0.4426 0.1521 0.2593
1.0000 0.0000 0.6583 0.7213 0.0000 0.0000 0.4709 0.3070 0.3951
1.0000 0.3529 0.5226 0.6066 0.1818 0.1844 0.4456 0.2983 0.5062
2.0000 0.1765 0.7437 0.5410 0.2525 0.0000 0.4844 0.1058 0.2716
2.0000 0.2353 0.6030 0.5574 0.0000 0.0000 0.4411 0.2930 0.4198
2.0000 0.2353 0.5528 0.5410 0.0000 0.0000 0.4754 0.1946 0.3580
2.0000 0.1765 0.5578 0.7377 0.1212 0.0922 0.4232 0.2045 0.3580
1.0000 0.3529 0.5126 0.6721 0.0000 0.0000 0.4590 0.0744 0.4444
1.0000 0.3529 0.6734 0.5738 0.2323 0.1537 0.5276 0.2240 0.3580
2.0000 0.1176 0.4372 0.0000 0.2323 0.0000 0.4307 0.3194 0.3086
2.0000 0.0588 0.3970 0.4918 0.4242 0.0567 0.6483 0.2802 0.2840
2.0000 0.1176 0.3769 0.5246 0.2424 0.0650 0.4426 0.1529 0.4074
1.0000 0.4706 0.8995 0.5902 0.4242 0.1537 0.4873 0.2971 0.4444
2.0000 0.3529 0.4271 0.6393 0.0000 0.0000 0.4650 0.1579 0.5185
1.0000 0.0000 0.6482 0.9016 0.4646 0.1537 1.0000 0.1318 0.3210
2.0000 0.2941 0.7186 0.6393 0.0000 0.0000 0.6706 0.0785 0.5802
1.0000 0.2941 0.6533 0.6721 0.0000 0.0000 0.5827 0.3950 0.4568
2.0000 0.3529 0.4372 0.6557 0.0000 0.0000 0.3458 0.0347 0.3951
2.0000 0.0000 0.5980 0.5246 0.1818 0.1087 0.5201 0.2996 0.2840
2.0000 0.0588 0.0000 0.6066 0.2020 0.0272 0.4128 0.1236 0.2593
2.0000 0.2941 0.3668 0.4918 0.0000 0.0000 0.3994 0.1107 0.3333
2.0000 0.2353 0.7085 0.6066 0.0000 0.0000 0.4113 0.1008 0.4938
1.0000 0.4118 0.9749 0.5574 0.2828 0.0000 0.5350 0.3079 0.5062
1.0000 0.4706 0.9095 0.5574 0.3636 0.5851 0.4486 0.2541 0.7407
1.0000 0.0588 0.6432 0.8033 0.4141 0.0686 0.4769 0.5459 0.4074
1.0000 0.4706 0.5477 0.6230 0.3939 0.1348 0.4158 0.2645 0.3827
1.0000 0.2941 0.6985 0.6557 0.3535 0.1891 0.4709 0.1492 0.3086
2.0000 0.1765 0.5578 0.5082 0.0000 0.0000 0.3368 0.0587 0.2593
2.0000 0.5294 0.6181 0.5738 0.4444 0.1111 0.4933 0.1545 0.4938
1.0000 0.4118 0.7990 0.5410 0.0000 0.0000 0.4531 0.1583 0.4444
1.0000 0.6471 0.6784 0.0000 0.0000 0.0000 0.7794 0.2388 0.4938
2.0000 0.4706 0.4271 0.4508 0.2020 0.0000 0.3636 0.0562 0.5185
1.0000 0.2941 0.7940 0.6885 0.4141 0.2482 0.5872 0.1632 0.3580
2.0000 0.0588 0.5276 0.4754 0.0000 0.0000 0.3621 0.0773 0.2593
1.0000 0.1765 0.5377 0.5082 0.1313 0.0567 0.3413 0.2802 0.2840
1.0000 0.2353 0.5477 0.5246 0.4444 0.1170 0.5186 0.3740 0.3210
1.0000 0.2353 0.7437 0.4918 0.2727 0.3759 0.4605 0.0620 0.3580
2.0000 0.0000 0.5678 0.6557 0.1616 0.0000 0.4620 0.3612 0.2593
2.0000 0.0588 0.6935 0.6721 0.0000 0.0000 0.5976 0.0975 0.3457
2.0000 0.0000 0.5427 0.5574 0.2020 0.0000 0.4069 0.3252 0.3951
2.0000 0.1176 0.4975 0.5738 0.1616 0.0520 0.3040 0.0971 0.3333
2.0000 0.3529 0.5176 0.5902 0.3232 0.2246 0.5618 0.1339 0.6790
2.0000 0.2941 0.5578 0.5902 0.2828 0.0000 0.3562 0.1682 0.3333
1.0000 0.4706 0.9849 0.6230 0.2929 0.3310 0.5589 0.2500 0.7037
1.0000 0.2941 0.8141 0.8525 0.0000 0.0000 0.5618 0.0624 0.6420
2.0000 0.0588 0.4824 0.5246 0.2727 0.1028 0.4948 0.1194 0.2593
1.0000 0.4118 0.9246 0.6885 0.3333 0.0000 0.5291 0.1467 0.5062
2.0000 0.1176 0.4070 0.4918 0.2222 0.0000 0.4128 0.1198 0.3086
2.0000 0.0000 0.7387 0.6967 0.5455 0.0000 0.6379 0.1550 0.2963
2.0000 0.4118 0.8995 0.7787 0.3131 0.0000 0.5097 0.0678 0.7407
1.0000 0.0000 0.7035 0.5328 0.2626 0.1537 0.6349 0.1781 0.2963
1.0000 0.5294 0.5628 0.6721 0.3232 0.2069 0.5097 0.1074 0.4444
1.0000 0.7059 0.7588 0.5738 0.4040 0.3203 0.6230 0.3066 0.4691
1.0000 0.2941 0.5477 0.5082 0.4141 0.1525 0.5335 0.2124 0.3086
2.0000 0.3529 0.6281 0.5574 0.3030 0.1418 0.4471 0.1917 0.3951
1.0000 0.2941 0.4271 0.6066 0.2222 0.0000 0.4322 0.5058 0.3951
1.0000 0.2941 0.5628 0.5410 0.0000 0.0000 0.5633 0.1079 0.5062
1.0000 0.0000 0.8894 0.4918 0.2929 0.5650 0.5156 0.4430 0.2593
1.0000 0.1176 0.7940 0.7377 0.0000 0.0000 0.4709 0.3326 0.8148
2.0000 0.4118 0.5980 0.0000 0.0000 0.0000 0.3756 0.0864 0.4568
2.0000 0.4118 0.7136 0.4918 0.3333 0.2246 0.4292 0.2839 0.7531
2.0000 0.0588 0.5025 0.5410 0.1515 0.0662 0.3517 0.2752 0.3210
2.0000 0.0588 0.4372 0.6393 0.2727 0.0378 0.5156 0.0417 0.2716
2.0000 0.0000 0.5075 0.6230 0.0000 0.0000 0.5320 0.0818 0.3210
1.0000 0.1765 0.8141 0.4262 0.3838 0.0000 0.5544 0.2694 0.2963
2.0000 0.2353 0.9899 0.5738 0.3939 0.8794 0.5469 0.9624 0.3827
2.0000 0.0000 0.5879 0.6557 0.3131 0.0626 0.6736 0.0368 0.2963
1.0000 0.2353 0.7136 0.7049 0.0000 0.0000 0.6557 0.2665 0.2716
1.0000 0.3529 0.6734 0.6557 0.3737 0.4374 0.6885 0.0983 0.5679
2.0000 0.0588 0.3970 0.6557 0.2525 0.0437 0.3785 0.2409 0.2716
2.0000 0.2353 0.6131 0.5574 0.0000 0.0000 0.5216 0.1628 0.3580
2.0000 0.1765 0.3719 0.5574 0.2828 0.0532 0.4426 0.1211 0.2840
1.0000 0.2353 0.8593 0.5902 0.0000 0.0000 0.6498 0.1979 0.3210
1.0000 0.4118 0.9095 0.6885 0.2121 0.2270 0.5350 0.2421 0.6296
1.0000 0.0000 0.8995 0.7377 0.2727 0.0000 0.6572 0.2835 0.2840
1.0000 0.5294 0.8241 0.6885 0.2121 0.0000 0.4590 0.3434 0.3951
2.0000 0.0000 0.5226 0.6230 0.0000 0.0000 0.2742 0.2405 0.3333
2.0000 0.0588 0.4573 0.5246 0.2424 0.0000 0.4352 0.0793 0.2593
2.0000 0.2353 0.4573 0.5738 0.3232 0.1040 0.4933 0.1843 0.2716
1.0000 0.1765 0.6985 0.4426 0.0000 0.0000 0.3815 0.1661 0.2716
1.0000 0.3529 0.5980 0.4098 0.2222 0.2080 0.4039 0.5446 0.4074
2.0000 0.1176 0.7337 0.6230 0.3535 0.2293 0.5693 0.1360 0.3580
1.0000 0.5294 0.9246 0.6967 0.1515 0.0000 0.4471 0.5012 0.6049
2.0000 0.5882 0.6131 0.5574 0.0000 0.0000 0.4650 0.1066 0.5062
2.0000 0.0000 0.8291 0.7377 0.3333 0.8038 0.7794 0.1764 0.2840
2.0000 0.5294 0.6231 0.5738 0.3333 0.4752 0.5276 0.1165 0.4198
2.0000 0.0588 0.5578 0.7049 0.1919 0.0000 0.4486 0.0591 0.2840
2.0000 0.5294 0.5327 0.4262 0.0000 0.0000 0.4650 0.1570 0.5185
2.0000 0.1176 0.6482 0.6885 0.0000 0.0000 0.4173 0.1174 0.3333
2.0000 0.1176 0.4523 0.6557 0.1414 0.0650 0.3636 0.1029 0.2963
2.0000 0.0000 0.4322 0.5574 0.3232 0.0000 0.5335 0.0983 0.3086
1.0000 0.7059 0.4623 0.5082 0.0707 0.3050 0.4113 0.3826 0.5432
1.0000 0.0588 0.5678 0.5246 0.3535 0.0000 0.5007 0.2244 0.2593
2.0000 0.1765 0.5578 0.4590 0.3939 0.0000 0.4486 0.2302 0.3704
2.0000 0.1176 0.5729 0.5574 0.2222 0.0000 0.4277 0.0380 0.3086
2.0000 0.0588 0.9698 0.4098 0.1616 0.4433 0.3860 0.2707 0.2963
1.0000 0.6471 0.7789 0.6230 0.2828 0.1773 0.4963 0.5591 0.6296
2.0000 0.1765 0.9598 0.5574 0.1515 0.1537 0.4605 0.1236 0.4198
1.0000 0.1765 0.7085 0.0000 0.0000 0.0000 0.4471 0.3145 0.3333
2.0000 0.2353 0.4774 0.5738 0.3232 0.0000 0.4784 0.2529 0.2963
2.0000 0.1765 0.7136 0.6557 0.1515 0.0000 0.4829 0.0826 0.7778
1.0000 0.2353 0.6181 0.5082 0.0000 0.0000 0.4769 0.0934 0.4321
2.0000 0.2941 0.4824 0.6066 0.1818 0.0792 0.5007 0.4120 0.5309
1.0000 0.0000 0.6935 0.0000 0.0000 0.0000 0.5410 0.3855 0.3086
2.0000 0.1176 0.6432 0.5246 0.4242 0.0000 0.5961 0.4550 0.2963
2.0000 0.0000 0.5126 0.4262 0.0000 0.0000 0.3741 0.0322 0.2593
1.0000 0.1176 0.7337 0.0000 0.0000 0.0000 0.4098 0.0992 0.3457
1.0000 0.5882 0.5075 0.7049 0.3737 0.0000 0.6796 0.4694 0.4691
2.0000 0.1176 0.5427 0.5082 0.3232 0.0662 0.3756 0.0529 0.2593
2.0000 0.1765 0.6131 0.6393 0.0000 0.0000 0.3428 0.1050 0.4938
2.0000 0.0588 0.3568 0.6393 0.5051 0.0532 0.4948 0.1744 0.2593
2.0000 0.7647 0.5327 0.5738 0.0000 0.0000 0.5097 0.1037 0.6420
2.0000 0.1176 0.5025 0.5738 0.5253 0.0674 0.6036 0.2798 0.3086
1.0000 0.4118 0.5327 0.4918 0.2424 0.0000 0.3949 0.1223 0.3580
2.0000 0.0000 0.5226 0.5246 0.2323 0.1371 0.4143 0.1876 0.2840
2.0000 0.2941 0.5729 0.6066 0.0000 0.0000 0.3711 0.3074 0.7037
2.0000 0.1176 0.5427 0.5082 0.1010 0.3286 0.3770 0.3640 0.2716
1.0000 0.0000 0.7337 0.5738 0.0000 0.0000 0.5648 0.1380 0.3457
2.0000 0.5882 0.6482 0.6230 0.2828 0.1442 0.5350 0.1157 0.4815
2.0000 0.4118 0.6683 0.7213 0.1515 0.1832 0.4829 0.1083 0.4568
1.0000 0.4118 0.8090 0.7049 0.0000 0.0000 0.4531 0.0682 0.5802
1.0000 0.1176 0.5427 0.6557 0.0000 0.0000 0.4024 0.1070 0.6420
2.0000 0.4118 0.6834 0.6066 0.2626 0.1596 0.3875 0.2674 0.6296
2.0000 0.2941 0.7789 0.6885 0.4444 0.6442 0.5768 0.2558 0.4198
1.0000 0.0588 0.5980 0.7049 0.3939 0.2600 0.6796 0.3339 0.3580
2.0000 0.2353 0.4824 0.4590 0.1717 0.0579 0.3100 0.1405 0.3210
2.0000 0.2941 0.5427 0.5902 0.4343 0.0887 0.5380 0.1087 0.4074
2.0000 0.0000 0.3920 0.7213 0.2929 0.0473 0.5499 0.1793 0.2593
1.0000 0.0000 0.5377 0.5082 0.3030 0.0875 0.5455 0.3128 0.3086
1.0000 0.1176 0.6432 0.6393 0.3737 0.2151 0.6453 0.5058 0.3827
1.0000 0.0588 0.6432 0.3934 0.4545 0.2293 0.6036 0.2533 0.2963
2.0000 0.0000 0.8090 0.4098 0.0000 0.0000 0.3264 0.1050 0.8025
2.0000 0.3529 0.7588 0.5082 0.3131 0.1418 0.5291 0.2860 0.3457
1.0000 0.1176 0.7337 0.5738 0.3838 0.4255 0.4173 0.1393 0.3580
2.0000 0.0000 0.6332 0.6885 0.2929 0.2541 0.4575 0.2149 0.2963
1.0000 0.8235 0.5025 0.6393 0.2525 0.2175 0.5455 0.1702 0.5679
2.0000 0.4706 0.5628 0.5902 0.0000 0.0000 0.3517 0.3471 0.7160
1.0000 0.0000 0.8392 0.0000 0.0000 0.0000 0.4814 0.3467 0.3704
1.0000 0.1176 0.7236 0.4754 0.3333 0.1596 0.4709 0.1744 0.3086
2.0000 0.2941 0.3869 0.6721 0.4141 0.0496 0.5335 0.0645 0.4321
1.0000 0.2941 0.5779 0.8033 0.0000 0.0000 0.7884 0.0864 0.3457
2.0000 0.1765 0.7538 0.6230 0.0000 0.0000 0.3130 0.0855 0.4568
2.0000 0.1176 0.6030 0.6230 0.3737 0.1241 0.5917 0.0888 0.3580
1.0000 0.5882 0.8090 0.5574 0.2323 0.1560 0.3800 0.1347 0.5802
2.0000 0.0000 0.6884 0.5574 0.1414 0.1749 0.3696 0.0591 0.2593
1.0000 0.0000 0.6432 0.5574 0.1919 0.2128 0.4545 0.5748 0.3086
1.0000 0.1176 0.6231 0.5574 0.2828 0.2423 0.4903 0.3616 0.3704
2.0000 0.3529 0.4020 0.5410 0.3030 0.0000 0.3905 0.1293 0.5062
2.0000 0.0000 0.5327 0.5738 0.3737 0.1749 0.5872 0.2500 0.2716
1.0000 0.1176 0.7789 0.6066 0.1717 0.1135 0.3964 0.1789 0.3333
2.0000 0.1765 0.5678 0.4098 0.1010 0.1005 0.4396 0.2587 0.3086
1.0000 0.4118 0.5477 0.6557 0.3131 0.0000 0.5350 0.4657 0.5309
2.0000 0.1176 0.5628 0.5574 0.2222 0.1111 0.5082 0.1302 0.3210
2.0000 0.1765 0.4975 0.6557 0.1111 0.0757 0.2876 0.1174 0.3704
1.0000 0.1765 0.9146 0.6066 0.0000 0.0000 0.4545 0.1426 0.3580
2.0000 0.1765 0.5779 0.5410 0.3939 0.1655 0.5678 0.0620 0.3457
1.0000 0.3529 0.9749 0.6393 0.0000 0.0000 0.3502 0.0533 0.7284
2.0000 0.2353 0.6482 0.4918 0.1212 0.2730 0.4098 0.2178 0.3827
1.0000 0.1765 0.5628 0.6066 0.3030 0.0000 0.4709 0.0814 0.3086
1.0000 0.0000 0.6231 0.5738 0.2020 0.0000 0.4083 0.1050 0.4444
1.0000 0.7647 0.7638 0.7377 0.3333 0.0343 0.3994 0.3021 0.5309
2.0000 0.1176 0.5628 0.6148 0.3232 0.0000 0.5320 0.0612 0.2593
2.0000 0.0588 0.7889 0.5902 0.2121 0.1986 0.3815 0.0508 0.2963
1.0000 0.0588 0.6131 0.5246 0.3232 0.1844 0.5231 0.2860 0.3704
2.0000 0.5882 0.8995 0.5738 0.0000 0.0000 0.5231 0.0826 0.4568
1.0000 0.1176 0.5126 0.7049 0.3636 0.1418 0.6781 0.0525 0.2840
2.0000 0.3529 0.5276 0.5738 0.3232 0.0804 0.4590 0.0504 0.4568
2.0000 0.4706 0.5930 0.5902 0.1919 0.0000 0.3443 0.6099 0.5679
2.0000 0.1176 0.4372 0.4754 0.1616 0.0615 0.4873 0.0686 0.3086
1.0000 0.0588 0.9045 0.0000 0.0000 0.0000 0.6453 0.1165 0.5062
2.0000 0.7059 0.5327 0.6557 0.0000 0.0000 0.3517 0.0566 0.5432
2.0000 0.0588 0.4774 0.4918 0.1818 0.0686 0.3562 0.1074 0.2716
2.0000 0.0000 0.8291 0.6230 0.4343 0.3014 0.7139 0.1070 0.3210
2.0000 0.0000 0.5879 0.0000 0.0000 0.0000 0.5037 0.3851 0.5432
1.0000 0.2941 0.5779 0.6230 0.0000 0.0000 0.4650 0.1417 0.5432
1.0000 0.5294 0.7638 0.6393 0.3434 0.2021 0.5097 0.3690 0.4074
1.0000 0.4118 0.8945 0.6885 0.0000 0.0000 0.5946 0.1368 0.5062
2.0000 0.0588 0.6533 0.5738 0.1313 0.1241 0.3860 0.1950 0.2716
2.0000 0.0588 0.4774 0.6066 0.2121 0.0863 0.3860 0.2781 0.4444
2.0000 0.0588 0.0000 0.5574 0.3535 0.0000 0.4769 0.1607 0.2716
2.0000 0.2941 0.6131 0.7049 0.0000 0.0000 0.5171 0.1198 0.4074
2.0000 0.4706 0.4774 0.5902 0.0000 0.0000 0.5484 0.2004 0.7037
2.0000 0.4706 0.6332 0.7213 0.3636 0.1277 0.5738 0.1442 0.6049
2.0000 0.0588 0.6985 0.3770 0.1919 0.0981 0.4277 0.2702 0.2716
2.0000 0.1765 0.5829 0.0000 0.0000 0.0000 0.3502 0.0773 0.2840
2.0000 0.1765 0.4975 0.5082 0.1919 0.0875 0.3249 0.1153 0.3210
1.0000 0.2941 0.0000 0.6557 0.3232 0.0000 0.6110 0.1430 0.4568
2.0000 0.2353 0.4623 0.6557 0.0000 0.0000 0.6289 0.0979 0.3580
2.0000 0.2353 0.6884 0.6885 0.0000 0.0000 0.4650 0.1041 0.3704
2.0000 0.1765 0.3065 0.6721 0.2828 0.0000 0.5127 0.1004 0.5679
2.0000 0.0588 0.4523 0.5082 0.1212 0.0508 0.4054 0.2397 0.2963
2.0000 0.1765 0.4523 0.6393 0.0000 0.0000 0.6364 0.2310 0.2593
1.0000 0.5294 0.8291 0.7213 0.0000 0.0000 0.4531 0.1248 0.6049
1.0000 0.0588 0.6281 0.4098 0.4040 0.1974 0.4963 0.3975 0.3457
1.0000 0.7647 0.6482 0.0000 0.3030 0.0000 0.5946 0.2351 0.5432
2.0000 0.7059 0.4422 0.6066 0.4040 0.0638 0.5261 0.1562 0.5926
1.0000 0.0588 0.9849 0.6230 0.3636 0.2943 0.5440 0.3616 0.3580
1.0000 0.2941 0.9497 0.5246 0.3333 0.3842 0.4650 0.2409 0.3580
2.0000 0.2941 0.7940 0.5738 0.0000 0.0000 0.4441 0.0855 0.7778
2.0000 0.2941 0.5176 0.8852 0.3737 0.0000 0.5842 0.1260 0.8025
1.0000 0.2353 0.7337 0.6393 0.0000 0.0000 0.5738 0.2149 0.8272
2.0000 0.2353 0.7387 0.6066 0.2525 0.3463 0.5201 0.1591 0.3704
2.0000 0.2941 0.4975 0.4426 0.2828 0.0981 0.5067 0.2062 0.3704
1.0000 0.3529 0.6231 0.5902 0.0000 0.0000 0.4113 0.1521 0.3580
2.0000 0.0000 0.5075 0.5246 0.1717 0.0000 0.3130 0.1041 0.2593
2.0000 0.1765 0.4070 0.7049 0.1616 0.0780 0.4098 0.1264 0.2716
1.0000 0.0588 0.6683 0.8361 0.2828 0.1655 0.4888 0.0967 0.5556
1.0000 0.1765 0.8693 0.6721 0.4848 0.5496 0.5723 0.8831 0.3086
2.0000 0.0000 0.5930 0.5246 0.2323 0.1052 0.0000 0.7153 0.2593
2.0000 0.0000 0.4221 0.5246 0.2222 0.0780 0.5335 0.2252 0.2593
2.0000 0.1176 0.5276 0.4754 0.4040 0.1111 0.5201 0.0930 0.3086
2.0000 0.1176 0.6131 0.4262 0.4343 0.1868 0.5395 0.3372 0.3457
1.0000 0.7059 0.7035 0.6721 0.4343 0.3842 0.5842 0.2182 0.7160
2.0000 0.0000 0.4925 0.6721 0.1515 0.0993 0.3756 0.1236 0.2716
2.0000 0.0588 0.4372 0.4918 0.3737 0.0887 0.5544 0.2103 0.2716
1.0000 0.2353 0.7839 0.6148 0.0000 0.0000 0.7198 0.0983 0.3951
2.0000 0.0000 0.4673 0.8197 0.3939 0.0851 0.6468 0.4219 0.4321
2.0000 0.0588 0.5377 0.5902 0.3030 0.0969 0.4590 0.3393 0.2963
2.0000 0.0000 0.5276 0.5574 0.2222 0.0000 0.2981 0.0975 0.2716
2.0000 0.0588 0.5477 0.4918 0.0808 0.2151 0.3785 0.3913 0.2593
2.0000 0.0588 0.4523 0.5082 0.1818 0.0697 0.3741 0.5240 0.3086
2.0000 0.0588 0.6281 0.5738 0.2424 0.1300 0.3621 0.0913 0.3086
2.0000 0.0588 0.5980 0.4426 0.1313 0.0591 0.3323 0.0847 0.2963
1.0000 0.2941 0.5829 0.6066 0.2929 0.0000 0.4814 0.2727 0.4321
1.0000 0.4706 0.5276 0.8197 0.3636 0.0000 0.6453 0.0988 0.5556
1.0000 0.2941 0.7236 0.6721 0.2626 0.3369 0.4769 0.1868 0.7160
2.0000 0.1765 0.5025 0.5574 0.2323 0.0957 0.4709 0.3921 0.3457
2.0000 0.0588 0.5025 0.5410 0.2929 0.2317 0.4769 0.1835 0.5185
1.0000 0.2941 0.8342 0.6230 0.0000 0.0000 0.6811 0.1405 0.3333
2.0000 0.0588 0.6583 0.5246 0.1414 0.4905 0.3532 0.1607 0.2593
2.0000 0.2353 0.5829 0.5902 0.1212 0.1028 0.3294 0.1913 0.4568
1.0000 0.2353 0.7940 0.6393 0.0000 0.0000 0.4903 0.3318 0.3827
2.0000 0.1176 0.6382 0.4754 0.2424 0.3251 0.4128 0.6612 0.3086
2.0000 0.1765 0.4824 0.4590 0.3434 0.1359 0.3681 0.3901 0.4815
1.0000 0.0000 0.6583 0.5410 0.4040 0.0000 0.5112 0.0810 0.2716
2.0000 0.1765 0.4121 0.5738 0.0000 0.0000 0.3145 0.1607 0.3086
1.0000 0.1765 0.9698 0.5738 0.3131 0.0000 0.5201 0.0996 0.3086
1.0000 0.2353 0.4774 0.5246 0.0000 0.0000 0.4769 0.0665 0.3827
2.0000 0.3529 0.6884 0.5000 0.0000 0.0000 0.3607 0.0624 0.6790
1.0000 0.2941 0.6834 0.6885 0.4141 0.1040 0.5216 0.1182 0.4321
2.0000 0.5294 0.3618 0.6393 0.2525 0.0000 0.4709 0.1157 0.4691
1.0000 0.2941 0.8442 0.5246 0.0000 0.0000 0.4903 0.0558 0.5062
2.0000 0.1176 0.6181 0.3934 0.3232 0.1950 0.6274 0.2149 0.3210
1.0000 0.2353 0.5779 0.5902 0.0000 0.0000 0.4307 0.1554 0.5679
2.0000 0.0000 0.5075 0.5082 0.0000 0.0000 0.3264 0.1388 0.3086
1.0000 0.4706 0.9899 0.6066 0.0000 0.0000 0.3860 0.4921 0.4815
1.0000 0.0588 0.8643 0.5574 0.4949 0.6844 0.6319 0.2901 0.3457
2.0000 0.3529 0.5126 0.7377 0.3939 0.0000 0.5320 0.2785 0.3457
2.0000 0.0588 0.5628 0.5902 0.3030 0.2080 0.5127 0.2182 0.3086
2.0000 0.0588 0.7186 0.6885 0.2323 0.3664 0.6319 0.4446 0.2716
2.0000 0.0588 0.7186 0.6066 0.2222 0.0721 0.3905 0.1058 0.2593
1.0000 0.0000 0.6935 0.4918 0.3535 0.1974 0.5156 0.2207 0.2593
1.0000 0.1765 0.8693 0.6885 0.3333 0.5603 0.5320 0.1066 0.2716
2.0000 0.0588 0.4874 0.5574 0.2121 0.0000 0.4054 0.4525 0.2716
1.0000 0.2353 0.7236 0.6721 0.3232 0.0000 0.5738 0.2289 0.4568
2.0000 0.0588 0.4171 0.5574 0.0000 0.0000 0.2712 0.2579 0.3333
1.0000 0.1765 0.6482 0.5246 0.2929 0.1359 0.3934 0.0905 0.3457
2.0000 0.0588 0.5980 0.7213 0.4141 0.2009 0.6751 0.2095 0.3210
2.0000 0.1176 0.4724 0.5574 0.1818 0.0898 0.3875 0.2318 0.2593
2.0000 0.0000 0.5126 0.5246 0.4646 0.0922 0.6051 0.2050 0.2593
2.0000 0.1176 0.5779 0.5246 0.2222 0.0000 0.4590 0.1740 0.2593
1.0000 0.4706 0.7588 0.6393 0.3232 0.2482 0.6393 0.2132 0.4444
1.0000 0.2353 0.9246 0.6393 0.3939 0.3274 0.5514 0.1091 0.3827
2.0000 0.0000 0.4724 0.0000 0.0000 0.0000 0.0000 0.1058 0.3086
1.0000 0.0588 0.9095 0.5246 0.3030 0.2128 0.5082 0.1355 0.4691
2.0000 0.0000 0.6784 0.7705 0.4646 0.1714 0.6051 0.1174 0.3210
1.0000 0.0588 0.4774 0.6721 0.2525 0.2128 0.5216 0.0963 0.5309
2.0000 0.1176 0.4975 0.0000 0.0000 0.0000 0.3308 0.0446 0.2840
2.0000 0.1765 0.4472 0.6066 0.1616 0.1005 0.4531 0.2277 0.4691
2.0000 0.0588 0.4020 0.6066 0.1111 0.0709 0.4471 0.2178 0.2716
2.0000 0.1176 0.6985 0.6148 0.0000 0.0000 0.3815 0.0690 0.3580
2.0000 0.0588 0.4523 0.5574 0.0808 0.0000 0.3651 0.4702 0.4444
1.0000 0.0000 0.7085 0.0000 0.0000 0.0000 0.6319 0.0847 0.3580
2.0000 0.7059 0.7035 0.6967 0.3333 0.0000 0.5574 0.1008 0.5062
2.0000 0.2941 0.7387 0.6148 0.0000 0.0000 0.4456 0.1793 0.3457
2.0000 0.0588 0.4874 0.5738 0.1515 0.0000 0.2712 0.0607 0.2593
2.0000 0.3529 0.5377 0.7213 0.0000 0.0000 0.5484 0.3004 0.3827
1.0000 0.0000 0.9497 0.8525 0.2525 0.0000 0.5112 0.1798 0.5062
2.0000 0.1176 0.4171 0.5410 0.2323 0.0591 0.4799 0.2054 0.2716
2.0000 0.2353 0.5879 0.5246 0.2727 0.1418 0.4948 0.0950 0.2963
1.0000 0.4706 0.5427 0.5738 0.0000 0.0000 0.4545 0.3946 0.4074
1.0000 0.2353 0.5879 0.5082 0.1212 0.0000 0.4426 0.1570 0.3704
1.0000 0.0000 0.9045 0.6393 0.6364 0.0165 0.8852 1.0000 0.3086
2.0000 0.0588 0.5025 0.5902 0.1212 0.0827 0.3770 0.2719 0.3457
2.0000 0.0000 0.4774 0.6557 0.4545 0.1087 0.5440 0.1364 0.3210
1.0000 0.0000 0.5226 0.5246 0.3737 0.0757 0.5007 0.2107 0.2716
2.0000 0.0000 0.6030 0.6066 0.1818 0.0745 0.4545 0.1178 0.3210
2.0000 0.0588 0.4121 0.5246 0.1313 0.1123 0.3159 0.1715 0.2840
1.0000 0.1176 0.6734 0.5738 0.0000 0.0000 0.4307 0.2240 0.2840
2.0000 0.0000 0.4573 0.5574 0.3232 0.2482 0.5946 0.1574 0.3086
2.0000 0.1176 0.5980 0.0000 0.0000 0.0000 0.2921 0.3438 0.8889
2.0000 0.1176 0.5025 0.4426 0.2828 0.1241 0.5633 0.2058 0.2963
1.0000 0.8235 0.8794 0.5082 0.3030 0.0000 0.5007 0.0876 0.4691
2.0000 0.0588 0.6784 0.4426 0.0000 0.0000 0.3979 0.2839 0.7654
2.0000 0.2941 0.4322 0.5574 0.2828 0.0839 0.4501 0.1504 0.2963
1.0000 0.5882 0.7437 0.6885 0.4848 0.2801 0.5604 0.4136 0.6296
2.0000 0.5294 0.6734 0.6066 0.3333 0.0709 0.3860 0.1901 1.0000
2.0000 0.5294 0.6030 0.5902 0.2222 0.0662 0.3100 0.3029 0.5926
2.0000 0.0588 0.3568 0.5082 0.0000 0.0000 0.3249 0.1719 0.3210
2.0000 0.4706 0.3719 0.5738 0.4040 0.0579 0.5261 0.2913 0.4815
2.0000 0.2941 0.4422 0.6393 0.3030 0.0000 0.4113 0.1066 0.4568
2.0000 0.5882 0.5779 0.8033 0.0000 0.0000 0.3577 0.4223 0.4198
2.0000 0.0000 0.6231 0.4590 0.1313 0.1241 0.3249 0.1868 0.2593
2.0000 0.0000 0.3719 0.4262 0.1010 0.0426 0.4143 0.1112 0.2716
2.0000 0.0000 0.4874 0.5246 0.3636 0.1182 0.5484 0.2479 0.3086
1.0000 0.4706 0.6030 0.0000 0.0000 0.0000 0.4471 0.0756 0.4691
2.0000 0.3529 0.7739 0.6393 0.4141 0.1655 0.6870 0.2360 0.3333
2.0000 0.0588 0.7236 0.6721 0.4040 0.0000 0.6155 0.2508 0.3457
2.0000 0.0000 0.6884 0.5738 0.3838 0.0000 0.4948 0.0702 0.2716
2.0000 0.0000 0.5980 0.5410 0.2727 0.0000 0.5782 0.1070 0.2716
2.0000 0.4118 0.6834 0.7377 0.0000 0.0000 0.4456 0.0868 0.6173
2.0000 0.2353 0.5729 0.5246 0.0000 0.0000 0.4307 0.0521 0.2963
2.0000 0.0000 0.6884 0.6885 0.2727 0.0000 0.4069 0.0955 0.7284
1.0000 0.1176 0.5276 0.6557 0.4545 0.2258 0.5022 0.2938 0.3580
2.0000 0.4118 0.5729 0.6230 0.1717 0.1300 0.3547 0.1926 0.3827
2.0000 0.4706 0.6332 0.6066 0.3838 0.0887 0.3860 0.0669 0.4815
2.0000 0.2353 0.6633 0.7049 0.3131 0.0000 0.4173 0.1731 0.7778
1.0000 0.1765 0.7940 0.5738 0.3030 0.3877 0.5291 0.1421 0.4321
2.0000 0.0000 0.6181 0.7213 0.3737 0.0000 0.5246 0.0814 0.3580
2.0000 0.2353 0.4271 0.4754 0.2222 0.0579 0.4143 0.1264 0.3457
2.0000 0.0000 0.4221 0.6721 0.3131 0.1478 0.5693 0.0963 0.2840
1.0000 0.0000 0.7286 0.0000 0.0000 0.0000 0.6587 0.2603 0.3827
1.0000 0.0000 0.6784 0.5574 0.4242 0.2955 0.6304 0.1508 0.2963
2.0000 0.0588 0.6985 0.5082 0.4141 0.5674 0.6066 0.2215 0.2593
2.0000 0.0000 0.8693 0.6393 0.3232 0.3132 0.6930 0.4789 0.7160
2.0000 0.2353 0.4975 0.5902 0.1717 0.0000 0.3815 0.1215 0.3457
2.0000 0.4706 0.9749 0.6557 0.0000 0.0000 0.3890 0.2277 0.8272
2.0000 0.1176 0.4171 0.5328 0.2828 0.0780 0.5484 0.2599 0.2963
2.0000 0.1176 0.4472 0.7377 0.3030 0.0000 0.4993 0.1207 0.5185
2.0000 0.2353 0.4975 0.5574 0.3838 0.0000 0.4888 0.0599 0.4074
1.0000 0.2353 0.6281 0.5738 0.1818 0.1442 0.4307 0.4727 0.5556
2.0000 0.1765 0.4020 0.0000 0.0000 0.0000 0.0000 0.0719 0.2716
2.0000 0.3529 0.8342 0.6066 0.0000 0.0000 0.3964 0.1256 0.8148
2.0000 0.2941 0.5528 0.5574 0.0000 0.0000 0.3875 0.1207 0.3704
2.0000 0.1176 0.4070 0.5902 0.1515 0.0898 0.4486 0.2260 0.3086
1.0000 0.4118 0.9799 0.5738 0.3333 0.1714 0.3741 0.0674 0.6790
2.0000 0.3529 0.7739 0.6066 0.3232 0.2281 0.4367 0.3467 0.4815
2.0000 0.1176 0.5879 0.7377 0.1919 0.0839 0.3756 0.1293 0.2593
2.0000 0.1765 0.4221 0.5902 0.3232 0.0000 0.5544 0.1103 0.3457
1.0000 0.3529 0.0000 0.5574 0.4141 0.0000 0.5812 0.3004 0.5062
2.0000 0.4118 0.4724 0.5246 0.2525 0.0934 0.4963 0.3050 0.5062
2.0000 0.1765 0.4824 0.6393 0.3939 0.0000 0.5559 0.0983 0.4938
2.0000 0.5882 0.3769 0.6721 0.0000 0.0000 0.4963 0.1087 0.4691
1.0000 0.0000 0.9045 0.7377 0.2626 0.1064 0.5440 0.1298 0.4321
2.0000 0.0588 0.6533 0.4918 0.2323 0.2009 0.4262 0.2860 0.2593
2.0000 0.1176 0.4221 0.4098 0.2323 0.0898 0.4531 0.4000 0.2593
2.0000 0.4706 0.6030 0.6393 0.0000 0.0000 0.3726 0.1690 0.7901
1.0000 0.7059 0.4221 0.5902 0.3131 0.0000 0.4426 0.1227 0.5679
2.0000 0.0000 0.6985 0.5082 0.1717 0.2482 0.3294 0.0855 0.2593
2.0000 0.5294 0.4573 0.5574 0.0000 0.0000 0.3607 0.0826 0.7160
2.0000 0.1176 0.4573 0.5082 0.0000 0.0000 0.4069 0.2169 0.2716
2.0000 0.1765 0.4975 0.4426 0.1919 0.1017 0.3815 0.0636 0.2963
1.0000 0.1765 0.8191 0.5738 0.1818 0.1241 0.4709 0.1107 0.3457
1.0000 0.5294 0.7286 0.7213 0.3434 0.1950 0.4516 0.3186 0.6543
2.0000 0.4118 0.6281 0.7049 0.0000 0.0000 0.5604 0.1256 0.6296
2.0000 0.7647 0.3819 0.4918 0.0000 0.0000 0.4888 0.0744 0.5062
2.0000 0.3529 0.6482 0.7377 0.0707 0.3853 0.2921 0.2405 0.7407
2.0000 0.1176 0.3417 0.5738 0.3232 0.0780 0.3726 0.0773 0.3086
2.0000 0.1765 0.6231 0.6557 0.3333 0.1537 0.4948 0.1260 0.3210
2.0000 0.3529 0.5729 0.0000 0.0000 0.0000 0.0000 0.0781 0.3210
1.0000 0.5294 0.6533 0.5738 0.0000 0.0000 0.5097 0.2694 0.5556
2.0000 0.1765 0.6281 0.4754 0.0000 0.0000 0.4709 0.0624 0.2963
2.0000 0.1765 0.4372 0.4918 0.1818 0.0000 0.3249 0.1835 0.2593
2.0000 0.0588 0.4874 0.5246 0.1919 0.0969 0.2712 0.1236 0.2593
2.0000 0.1765 0.5829 0.6066 0.1515 0.1241 0.3920 0.0442 0.2963
2.0000 0.0000 0.5879 0.5410 0.3131 0.2222 0.4590 0.2037 0.2716
2.0000 0.0000 0.5578 0.5328 0.0000 0.0000 0.3666 0.2727 0.3827
2.0000 0.1176 0.6131 0.4918 0.1818 0.1253 0.4441 0.2963 0.2716
2.0000 0.0000 0.5377 0.6230 0.0000 0.0000 0.6751 0.2835 0.2963
2.0000 0.0588 0.4322 0.5410 0.5253 0.0768 0.6155 0.3789 0.3580
2.0000 0.3529 0.4573 0.0000 0.0000 0.0000 0.4441 0.2070 0.3827
2.0000 0.0588 0.3869 0.4590 0.3030 0.0662 0.4963 0.5169 0.2963
1.0000 0.2353 0.6633 0.0000 0.0000 0.0000 0.4903 0.1248 0.2840
2.0000 0.0000 0.5276 0.7377 0.0000 0.0000 0.4411 0.0814 0.5679
2.0000 0.0000 0.2864 0.4918 0.0000 0.0000 0.3234 0.3037 0.8272
2.0000 0.0000 0.6382 0.6557 0.3737 0.2482 0.5410 0.3322 0.2840
1.0000 0.1765 0.6482 0.7541 0.4949 0.1832 0.5425 0.4000 0.3951
1.0000 0.4706 0.5025 0.6066 0.4040 0.2541 0.5872 0.2731 0.5309
1.0000 0.1765 0.6432 0.5902 0.2525 0.2246 0.4829 0.2269 0.3333
1.0000 0.5882 0.4523 0.6967 0.3232 0.0000 0.5201 0.3409 0.6914
2.0000 0.2353 0.4221 0.7377 0.2323 0.0662 0.5887 0.0657 0.3086
2.0000 0.0588 0.4422 0.6393 0.2929 0.0898 0.4769 0.1508 0.3580
1.0000 0.4706 0.9347 0.7377 0.3535 0.2660 0.5142 0.1748 0.4568
1.0000 0.2941 0.9397 0.6230 0.2727 0.2447 0.6498 0.4273 0.6543
2.0000 0.2353 0.6583 0.5574 0.2121 0.1962 0.4933 0.0661 0.3457
2.0000 0.0588 0.8241 0.6721 0.4343 0.0792 0.4888 0.1409 0.6173
2.0000 0.2353 0.9497 0.9016 0.3131 0.0000 0.4247 0.2810 0.4568
2.0000 0.0588 0.5829 0.5738 0.2828 0.0000 0.4083 0.0843 0.2593
2.0000 0.1765 0.4221 0.5574 0.3030 0.1253 0.4754 0.2442 0.3086
2.0000 0.3529 0.5729 0.7213 0.0000 0.0000 0.4143 0.1021 0.8148
2.0000 0.0588 0.4422 0.5082 0.2424 0.0520 0.4456 0.1744 0.2840
2.0000 0.0588 0.4221 0.5246 0.2323 0.1359 0.5499 0.1946 0.3457
2.0000 0.4118 0.6231 0.5738 0.3333 0.2541 0.3800 0.0665 0.4568
2.0000 0.0588 0.4874 0.5738 0.4040 0.0000 0.5678 0.0901 0.3704
2.0000 0.4706 0.5528 0.6230 0.0000 0.0000 0.4143 0.0979 0.7160
2.0000 0.6471 0.5176 0.5574 0.4040 0.0000 0.6885 0.0521 0.5185
2.0000 0.6471 0.4271 0.6066 0.0000 0.0000 0.4486 0.1240 0.4321
1.0000 0.3529 0.6281 0.6230 0.0000 0.0000 0.5037 0.0500 0.6667
1.0000 0.0000 0.9950 0.5410 0.3232 0.3239 0.6155 0.2074 0.3457
2.0000 0.0588 0.4372 0.5574 0.3434 0.0910 0.5604 0.1657 0.2963
2.0000 0.3529 0.4975 0.4918 0.1919 0.0638 0.4009 0.2054 0.3951
2.0000 0.0000 0.4573 0.6557 0.0000 0.0000 0.4829 0.2483 0.3333
2.0000 0.1176 0.4774 0.4426 0.1414 0.1040 0.3890 0.3091 0.2716
2.0000 0.0588 0.4975 0.5902 0.3030 0.0213 0.5753 0.1702 0.2593
2.0000 0.3529 0.4623 0.5082 0.3232 0.1489 0.4769 0.0351 0.5679
2.0000 0.2353 0.7739 0.5902 0.2929 0.1489 0.4665 0.1397 0.4568
1.0000 0.0000 0.6080 0.5410 0.3030 0.1950 0.5112 0.0839 0.4074
2.0000 0.1765 0.3920 0.5738 0.0000 0.0000 0.4844 0.1116 0.4815
2.0000 0.1176 0.6533 0.7869 0.0000 0.0000 0.3368 0.1107 0.2593
2.0000 0.1765 0.5578 0.4754 0.3131 0.0520 0.4396 0.1777 0.2716
2.0000 0.1176 0.4925 0.4918 0.1717 0.1418 0.5171 0.0818 0.2716
2.0000 0.0588 0.7186 0.7049 0.3030 0.3901 0.4486 0.3686 0.2840
2.0000 0.0588 0.5980 0.3607 0.4747 0.0745 0.5291 0.1157 0.3086
2.0000 0.3529 0.5427 0.3607 0.2020 0.1537 0.3577 0.3360 0.4321
1.0000 0.1176 0.5930 0.6557 0.0000 0.0000 0.6393 0.2864 0.2593
2.0000 0.5882 0.6683 0.5574 0.0000 0.0000 0.4024 0.1012 0.4444
1.0000 0.1176 0.9899 0.5738 1.0000 0.0000 0.5171 0.2376 0.7654
1.0000 0.0000 0.7588 0.7377 0.4646 0.0000 0.6274 0.1533 0.2593
2.0000 0.3529 0.5477 0.4918 0.2727 0.0000 0.3726 0.0851 0.3333
2.0000 0.7059 0.6080 0.6393 0.1717 0.0000 0.3949 0.1070 0.7654
2.0000 0.4706 0.5025 0.6230 0.0000 0.0000 0.5768 0.0785 0.5185
1.0000 0.4706 0.6231 0.6230 0.2424 0.7092 0.4277 0.2839 0.6420
2.0000 0.0588 0.4673 0.4590 0.1111 0.0000 0.3353 0.1723 0.2716
1.0000 0.4706 0.7186 0.5410 0.0000 0.0000 0.5201 0.0533 0.5062
2.0000 0.3529 0.5176 0.5410 0.0000 0.0000 0.3621 0.1029 0.3580
1.0000 0.1765 0.8844 0.7049 0.2727 0.1844 0.4963 0.4769 0.6420
2.0000 0.0000 0.3668 0.0000 0.0000 0.0000 0.3145 0.1413 0.3086
1.0000 0.6471 0.5578 0.6885 0.4040 0.0000 0.6975 0.3822 0.5556
2.0000 0.1176 0.5628 0.6393 0.5051 0.1655 0.5872 0.0723 0.2963
1.0000 0.1765 0.6633 0.6557 0.0000 0.0000 0.5127 0.1661 0.5432
2.0000 0.1176 0.4121 0.4262 0.2222 0.1359 0.4247 0.7021 0.3086
2.0000 0.3529 0.6181 0.5902 0.4545 0.2719 0.5007 0.3029 0.4198
1.0000 0.0000 0.9447 0.6721 0.1414 0.2187 0.4769 0.2818 0.2716
2.0000 0.0000 0.3367 0.6230 0.0000 0.0000 0.6751 0.0802 0.5679
2.0000 0.0588 0.4472 0.1967 0.1919 0.0296 0.4143 0.2310 0.2593
1.0000 0.0588 0.8693 0.6066 0.0000 0.0000 0.5484 0.0364 0.4691
2.0000 0.0588 0.5477 0.3115 0.1818 0.1418 0.3443 0.1682 0.3210
2.0000 0.0588 0.5427 0.7213 0.1919 0.0000 0.4039 0.1653 0.2963
2.0000 0.3529 0.4824 0.0000 0.0000 0.0000 0.3532 0.0785 0.3457
2.0000 0.0588 0.6231 0.6066 0.3636 0.0000 0.4143 0.0413 0.3704
1.0000 0.4118 0.7538 0.6393 0.2929 0.1489 0.5246 0.2860 0.6667
1.0000 0.2353 0.9196 0.0000 0.0000 0.0000 0.4232 0.0876 0.4444
2.0000 0.0588 0.6231 0.4918 0.3232 0.0000 0.5335 0.2124 0.2593
1.0000 0.0588 0.9095 0.6393 0.4242 0.3463 0.5961 0.5198 0.2716
2.0000 0.0588 0.4623 0.5082 0.2525 0.0485 0.2906 0.1992 0.3086
2.0000 0.0000 0.7638 0.6721 0.3939 0.3215 0.6185 0.1116 0.3333
2.0000 0.0588 0.5578 0.5082 0.1313 0.2151 0.3577 0.0570 0.2840
2.0000 0.1765 0.5327 0.4426 0.2121 0.1868 0.4605 0.1207 0.2963
1.0000 0.1765 0.8744 0.4754 0.2222 0.2293 0.4903 0.2450 0.4444
1.0000 0.4118 0.8442 0.7213 0.4242 0.3794 0.5693 0.3252 0.4938
2.0000 0.3529 0.5276 0.6557 0.2828 0.0000 0.4844 0.3628 0.3210
1.0000 0.6471 0.6935 0.6066 0.2626 0.1702 0.5380 0.2302 0.6173
2.0000 0.1765 0.5327 0.5902 0.0000 0.0000 0.3845 0.0855 0.3333
2.0000 0.3529 0.5879 0.7869 0.0000 0.0000 0.4277 0.0649 0.3704
2.0000 0.1176 0.3417 0.5082 0.1313 0.0177 0.2996 0.1062 0.2840
1.0000 0.5294 0.5628 0.6721 0.2424 0.0000 0.4203 0.5298 0.6173
1.0000 0.0000 0.5980 0.0000 0.0000 0.0000 0.4829 0.0583 0.2963
2.0000 0.1176 0.5628 0.7049 0.4242 0.1891 0.5723 0.1017 0.3457
2.0000 0.1176 0.4623 0.6230 0.2020 0.0000 0.3607 0.7017 0.3457
2.0000 0.3529 0.9196 0.7705 0.0000 0.0000 0.6080 0.6037 0.5556
2.0000 0.0000 0.4724 0.5738 0.2727 0.1359 0.6483 0.1434 0.2593
2.0000 0.1176 0.5427 0.5246 0.0000 0.0000 0.4590 0.0653 0.2593
2.0000 0.2353 0.4523 0.7213 0.4747 0.0638 0.5618 0.1496 0.3580
2.0000 0.0000 0.6281 0.5574 0.0000 0.0000 0.3681 0.0851 0.2593
2.0000 0.0000 0.6633 0.6393 0.0000 0.0000 0.4829 0.1624 0.2593
2.0000 0.2941 0.6432 0.6557 0.0000 0.0000 0.5156 0.0595 0.5556
2.0000 0.2353 0.4724 0.5328 0.2222 0.0000 0.3681 0.0612 0.2593
1.0000 0.4118 0.5729 0.5246 0.0000 0.0000 0.4083 0.3025 0.4198
2.0000 0.0000 0.5126 0.6393 0.4040 0.1064 0.5142 0.0983 0.2963
2.0000 0.1176 0.5578 0.4918 0.0000 0.0000 0.3905 0.1417 0.2840
2.0000 0.0588 0.6432 0.6721 0.1717 0.2163 0.4098 0.0475 0.2716
2.0000 0.5882 0.4623 0.5082 0.0000 0.0000 0.3860 0.0690 0.3827
1.0000 0.7647 0.5226 0.5902 0.0000 0.0000 0.4650 0.1921 0.4691
2.0000 0.2941 0.5226 0.6066 0.0000 0.0000 0.4292 0.0632 0.5926
2.0000 0.1176 0.4724 0.6230 0.1818 0.0780 0.4709 0.2682 0.2840
1.0000 0.4118 0.4874 0.6230 0.3232 0.1076 0.6095 0.3599 0.3951
2.0000 0.0588 0.5025 0.6066 0.1212 0.0544 0.2906 0.0616 0.3457
2.0000 0.0000 0.5126 0.7049 0.1717 0.1241 0.4367 0.2872 0.3333
2.0000 0.2353 0.6432 0.5738 0.0000 0.0000 0.5112 0.1252 0.2963
1.0000 0.3529 0.7387 0.6557 0.0000 0.0000 0.4396 0.0736 0.6173
2.0000 0.2353 0.4523 0.0000 0.0000 0.0000 0.4173 0.2521 0.3827
2.0000 0.1765 0.5176 0.5902 0.3030 0.1797 0.4113 0.3017 0.3333
2.0000 0.1176 0.7889 0.6066 0.3535 0.5201 0.5872 0.0554 0.3704
1.0000 0.0588 0.8392 0.6066 0.1717 0.1702 0.3487 0.1847 0.4074
1.0000 0.0000 0.8995 0.4098 0.3636 0.1879 0.5633 0.1880 0.2716
1.0000 0.6471 0.6834 0.6885 0.3535 0.1537 0.4218 0.1074 0.5185
2.0000 0.0000 0.5377 0.4918 0.2525 0.0000 0.3934 0.0550 0.2840
2.0000 0.0588 0.4573 0.4426 0.2525 0.1182 0.3756 0.0967 0.2840
2.0000 0.0588 0.5879 0.4918 0.2323 0.1253 0.5037 0.1926 0.3333
2.0000 0.2941 0.6181 0.6066 0.4040 0.0910 0.5082 0.1112 0.3457
2.0000 0.1176 0.6030 0.4426 0.0000 0.0000 0.3994 0.1880 0.3333
2.0000 0.0588 0.5327 0.5738 0.2828 0.1596 0.5097 0.0587 0.2716
1.0000 0.1176 0.7789 0.4262 0.2727 0.6383 0.5768 0.0992 0.3086
2.0000 0.1176 0.5075 0.4754 0.3535 0.1064 0.3249 0.0640 0.2716
2.0000 0.0588 0.6030 0.6557 0.4848 0.2364 0.5797 0.4802 0.5062
2.0000 0.6471 0.6382 0.8689 0.0000 0.0000 0.5812 0.0785 0.6296
1.0000 0.1765 0.4020 0.6721 0.3131 0.0827 0.5097 0.5339 0.3333
2.0000 0.5882 0.8141 0.6885 0.0000 0.0000 0.4128 0.0752 0.6667
1.0000 0.0588 1.0000 0.6230 0.4343 0.0000 0.6393 0.5760 0.2716
1.0000 0.4706 0.8392 0.8689 0.4646 0.2730 0.5604 0.0682 0.5309
1.0000 0.5294 0.7286 0.6557 0.4646 0.1537 0.5648 0.2632 0.4938
1.0000 0.3529 0.5779 0.4918 0.3939 0.0000 0.5022 0.1012 0.4938
2.0000 0.0588 0.5628 0.6557 0.4545 0.1560 0.5186 0.0897 0.2963
1.0000 0.2353 0.7286 0.6721 0.1818 0.0000 0.4844 0.0971 0.8642
1.0000 0.5882 0.5578 0.5738 0.2727 0.0000 0.4098 0.0583 0.4938
2.0000 0.3529 0.4925 0.4754 0.3333 0.2246 0.5067 0.1777 0.5309
2.0000 0.5294 0.7739 0.6393 0.3030 0.1182 0.4605 0.0678 0.5556
2.0000 0.3529 0.8291 0.5574 0.2626 0.1986 0.5007 0.2607 0.6049
2.0000 0.0588 0.4975 0.4754 0.1010 0.0000 0.3785 0.2277 0.2593
2.0000 0.5882 0.3417 0.8689 0.2323 0.0579 0.5291 0.1178 0.5802
2.0000 0.1765 0.6181 0.8197 0.3535 0.2837 0.8539 0.3636 0.2716
2.0000 0.4706 0.4573 0.6721 0.0000 0.0000 0.5306 0.2426 0.8395
1.0000 0.3529 0.9799 0.5738 0.0000 0.0000 0.4605 0.1355 0.3827
1.0000 0.5294 0.7839 0.7049 0.0000 0.0000 0.3696 0.0950 0.6543
2.0000 0.0000 0.4673 0.4918 0.0000 0.0000 0.5261 0.1087 0.3086
1.0000 0.1765 0.6080 0.4262 0.0000 0.0000 0.5365 0.0525 0.3086
2.0000 0.1176 0.5075 0.4754 0.1717 0.3132 0.3607 0.2537 0.2840
2.0000 0.1176 0.2814 0.4590 0.2828 0.0532 0.3607 0.1372 0.2716
1.0000 0.0000 0.8141 0.6230 0.3636 0.0000 0.7392 0.1504 0.3210
2.0000 0.0000 0.4774 0.5246 0.3939 0.1241 0.6647 0.1512 0.2716
1.0000 0.2353 0.6281 0.6557 0.0000 0.0000 0.4814 0.2215 0.3333
2.0000 0.2941 0.6834 0.6721 0.0000 0.0000 0.0000 0.2645 0.8519
2.0000 0.1176 0.6482 0.6066 0.2626 0.2423 0.4948 0.2442 0.3086
2.0000 0.1765 0.6533 0.5246 0.0000 0.0000 0.3443 0.1298 0.2716
2.0000 0.0588 0.5377 0.4098 0.1919 0.0000 0.4218 0.0748 0.3580
2.0000 0.0588 0.7035 0.6066 0.2626 0.2128 0.3592 0.3421 0.2840
1.0000 0.0588 0.7236 0.6721 0.4646 0.2128 0.6870 0.1384 0.5679
2.0000 0.4706 0.5377 0.6557 0.0000 0.0000 0.3666 0.3537 0.4198
1.0000 0.7647 0.7940 0.9344 0.0000 0.0000 0.6304 0.1062 0.5432
2.0000 0.1176 0.6080 0.5738 0.3232 0.1123 0.5827 0.3661 0.2840
1.0000 0.4118 0.6482 0.5574 0.4949 0.1478 0.5738 0.1814 0.5309
2.0000 0.1176 0.4523 0.4918 0.0000 0.0000 0.3502 0.0789 0.3086
1.0000 0.4118 0.7136 0.7377 0.2424 0.5674 0.4531 0.0529 0.5309
1.0000 0.1765 0.8492 0.6066 0.1919 0.1478 0.4456 0.1107 0.3827
2.0000 0.0000 0.4975 0.0000 0.0000 0.0000 0.3726 0.1045 0.2716
2.0000 0.2353 0.6382 0.7213 0.1111 0.1832 0.5142 0.2471 0.3457
2.0000 0.2353 0.5930 0.5738 0.0000 0.0000 0.6632 0.3736 0.3210
2.0000 0.1176 0.6131 0.6230 0.2727 0.2364 0.5350 0.1996 0.3210
1.0000 0.3529 0.6281 0.6393 0.3131 0.0000 0.4113 0.2335 0.6049
1.0000 0.0588 0.8442 0.7213 0.2929 0.0000 0.5216 0.3740 0.6420
2.0000 0.1176 0.6482 0.0000 0.0000 0.0000 0.5738 0.1256 0.5062
2.0000 0.2353 0.5528 0.6230 0.2020 0.1182 0.4232 0.0488 0.3333
2.0000 0.3529 0.4020 0.6557 0.3636 0.0000 0.5931 0.0731 0.3457
1.0000 0.5882 0.5779 0.0000 0.0000 0.0000 0.0000 0.1079 0.3704
2.0000 0.1176 0.6382 0.3770 0.2121 0.3960 0.5127 0.0727 0.2716
1.0000 0.5294 0.8241 0.6393 0.0000 0.0000 0.4888 0.0612 0.5556
1.0000 0.1176 0.4673 0.5246 0.3232 0.1891 0.5663 0.2785 0.2840
2.0000 0.1765 0.7940 0.5246 0.1313 0.4574 0.4650 0.1219 0.2963
2.0000 0.2941 0.6332 0.6393 0.2727 0.0260 0.4411 0.1814 0.4938
1.0000 0.5882 0.6482 0.5082 0.3636 0.0000 0.6140 0.1822 0.4691
2.0000 0.0000 0.6734 0.4754 0.2020 0.3440 0.3934 0.1455 0.2593
2.0000 0.1765 0.5126 0.6066 0.0000 0.0000 0.4396 0.0500 0.3951
1.0000 0.4118 0.9397 0.4098 0.3333 0.4634 0.5052 0.3413 0.4198
1.0000 0.1765 0.8693 0.6393 0.3939 0.2187 0.5037 0.4008 0.3827
2.0000 0.5882 0.4724 0.5902 0.1818 0.0000 0.3443 0.2459 0.6914
2.0000 0.0588 0.5427 0.4918 0.4646 0.2104 0.5291 0.1715 0.2963
1.0000 0.2941 0.4874 0.6230 0.2727 0.0000 0.5306 0.1562 0.6420
2.0000 0.2353 0.4171 0.7049 0.1919 0.0000 0.4367 0.1310 0.4198
2.0000 0.0588 0.5729 0.5410 0.3636 0.2364 0.5678 0.1194 0.2593
1.0000 0.0588 0.7487 0.5574 0.2929 0.1501 0.4367 0.1442 0.5185
2.0000 0.2941 0.5879 0.7049 0.3030 0.1241 0.5827 0.1037 0.5185
2.0000 0.0588 0.5578 0.7705 0.0000 0.0000 0.4888 0.1095 0.5556
2.0000 0.2353 0.5628 0.6393 0.4040 0.0000 0.5872 0.0975 0.4691
2.0000 0.0588 0.5829 0.6393 0.2929 0.2128 0.5380 0.2050 0.3086
2.0000 0.0000 0.7085 0.6885 0.2626 0.0000 0.4829 0.1789 0.2716
2.0000 0.1176 0.8794 0.7213 0.0000 0.0000 0.3413 0.1347 0.2716
2.0000 0.1176 0.4623 0.4262 0.0000 0.0000 0.4486 0.0583 0.2716
1.0000 0.1765 0.6533 0.6393 0.2323 0.0934 0.4232 0.1335 0.4198
1.0000 0.4706 0.6030 0.7049 0.0000 0.0000 0.4232 0.1070 0.2716
1.0000 0.1176 0.8744 0.7213 0.3737 0.1418 0.6632 0.2669 0.2963
2.0000 0.1176 0.5327 0.4590 0.2727 0.1950 0.4322 0.1760 0.2716
2.0000 0.1176 0.5276 0.6148 0.0000 0.0000 0.3472 0.2314 0.6543
2.0000 0.2353 0.4774 0.4918 0.3232 0.0000 0.5276 0.1174 0.3457
2.0000 0.0000 0.6332 0.7049 0.2727 0.1418 0.4083 0.2128 0.2593
2.0000 0.4706 0.3266 0.5902 0.2323 0.0000 0.4769 0.2479 0.5185
2.0000 0.1176 0.4975 0.4918 0.1717 0.1891 0.5455 0.1872 0.2593
1.0000 0.0588 0.5126 0.6066 0.0000 0.0000 0.5887 0.1211 0.5185
1.0000 0.6471 0.6030 0.6557 0.3737 0.1773 0.6304 0.3244 0.5926
2.0000 0.1765 0.5126 0.3607 0.2020 0.1111 0.4590 0.1653 0.3210
2.0000 0.0588 0.5477 0.4754 0.1818 0.1371 0.4247 0.0905 0.2716
1.0000 0.5294 0.7035 0.7705 0.0000 0.0000 0.4873 0.3033 0.5556
2.0000 0.7647 0.7688 0.7213 0.3737 0.1655 0.6051 0.4851 0.4815
2.0000 0.7059 0.5025 0.6885 0.3333 0.1241 0.4471 0.2017 0.5679
1.0000 0.0588 0.7387 0.7705 0.4141 0.0000 0.7347 0.1479 0.3333
2.0000 0.0588 0.4070 0.6066 0.4141 0.0674 0.6900 0.4529 0.3951
1.0000 0.1765 0.9397 0.5738 0.2222 0.2364 0.5425 0.1686 0.4444
1.0000 0.3529 0.8141 0.5082 0.0000 0.0000 0.3621 0.0736 0.6173
1.0000 0.2353 0.6834 0.5738 0.0000 0.0000 0.4650 0.4884 0.2716
2.0000 0.0588 0.6080 0.6393 0.3939 0.0875 0.5812 0.1079 0.3457
2.0000 0.1765 0.5427 0.5082 0.2424 0.0000 0.3875 0.0921 0.3086
1.0000 0.0000 0.9095 0.7213 0.4444 0.6028 0.6453 0.0917 0.3210
1.0000 0.4706 0.7739 0.6393 0.3232 0.0000 0.4829 0.1831 0.5556
1.0000 0.0588 0.6432 0.7213 0.3939 0.1300 0.5440 0.4368 0.4568
2.0000 0.4118 0.6884 0.7377 0.4141 0.0000 0.4769 0.1616 0.4815
1.0000 0.0000 0.6181 0.5902 0.0000 0.0000 0.5410 0.1066 0.6420
2.0000 0.0588 0.5327 0.6230 0.0000 0.0000 0.5589 0.0814 0.3210
1.0000 0.3529 0.9548 0.7541 0.0000 0.0000 0.5291 0.1149 0.8148
2.0000 0.1176 0.4422 0.4754 0.2626 0.0189 0.4232 0.3165 0.2716
1.0000 0.5294 0.8543 0.6066 0.3131 0.0000 0.6557 0.1665 0.5309
2.0000 0.5294 0.4472 0.5082 0.0000 0.0000 0.3353 0.0587 0.4074
2.0000 0.5882 0.5075 0.6230 0.4848 0.2128 0.4903 0.0707 0.7778
2.0000 0.1176 0.6131 0.5738 0.2727 0.0000 0.5484 0.1405 0.3333
2.0000 0.2941 0.6080 0.5902 0.2323 0.1324 0.3905 0.1012 0.3704
1.0000 0.0588 0.6332 0.4918 0.0000 0.0000 0.4486 0.1442 0.5802
2.0000 0.0588 0.4673 0.5738 0.3131 0.0000 0.4531 0.1302 0.2840
