1.0000 0.8353 1.8336
1.0000 0.8220 1.8443
1.0000 0.8053 1.8530
1.0000 0.7852 1.8594
1.0000 0.7618 1.8637
1.0000 0.7353 1.8657
1.0000 0.7056 1.8656
1.0000 0.6729 1.8632
1.0000 0.6374 1.8586
1.0000 0.5992 1.8518
1.0000 0.5584 1.8429
1.0000 0.5152 1.8318
1.0000 0.4698 1.8187
1.0000 0.4223 1.8035
1.0000 0.3730 1.7864
1.0000 0.3220 1.7673
1.0000 0.2695 1.7464
1.0000 0.2157 1.7238
1.0000 0.1610 1.6995
1.0000 0.1053 1.6737
1.0000 0.0491 1.6464
1.0000 -0.0075 1.6177
1.0000 -0.0643 1.5878
1.0000 -0.1210 1.5568
1.0000 -0.1775 1.5248
1.0000 -0.2334 1.4919
1.0000 -0.2886 1.4583
1.0000 -0.3429 1.4241
1.0000 -0.3961 1.3893
1.0000 -0.4478 1.3543
1.0000 -0.4980 1.3191
1.0000 -0.5464 1.2838
1.0000 -0.5929 1.2485
1.0000 -0.6372 1.2135
1.0000 -0.6792 1.1789
1.0000 -0.7187 1.1447
1.0000 -0.7556 1.1112
1.0000 -0.7897 1.0784
1.0000 -0.8209 1.0466
1.0000 -0.8490 1.0157
1.0000 -0.8740 0.9860
1.0000 -0.8957 0.9575
1.0000 -0.9141 0.9304
1.0000 -0.9291 0.9048
1.0000 -0.9406 0.8808
1.0000 -0.9486 0.8584
1.0000 -0.9531 0.8378
1.0000 -0.9540 0.8190
1.0000 -0.9513 0.8021
1.0000 -0.9450 0.7873
1.0000 -0.9353 0.7744
1.0000 -0.9220 0.7637
1.0000 -0.9053 0.7550
1.0000 -0.8852 0.7486
1.0000 -0.8618 0.7443
1.0000 -0.8353 0.7423
1.0000 -0.8056 0.7424
1.0000 -0.7729 0.7448
1.0000 -0.7374 0.7494
1.0000 -0.6992 0.7562
1.0000 -0.6584 0.7651
1.0000 -0.6152 0.7762
1.0000 -0.5698 0.7893
1.0000 -0.5223 0.8045
1.0000 -0.4730 0.8216
1.0000 -0.4220 0.8407
1.0000 -0.3695 0.8616
1.0000 -0.3157 0.8842
1.0000 -0.2610 0.9085
1.0000 -0.2053 0.9343
1.0000 -0.1491 0.9616
1.0000 -0.0925 0.9903
1.0000 -0.0357 1.0202
1.0000 0.0210 1.0512
1.0000 0.0775 1.0832
1.0000 0.1334 1.1161
1.0000 0.1886 1.1497
1.0000 0.2429 1.1839
1.0000 0.2961 1.2187
1.0000 0.3478 1.2537
1.0000 0.3980 1.2889
1.0000 0.4464 1.3242
1.0000 0.4929 1.3595
1.0000 0.5372 1.3945
1.0000 0.5792 1.4291
1.0000 0.6187 1.4633
1.0000 0.6556 1.4968
1.0000 0.6897 1.5296
1.0000 0.7209 1.5614
1.0000 0.7490 1.5923
1.0000 0.7740 1.6220
1.0000 0.7957 1.6505
1.0000 0.8141 1.6776
1.0000 0.8291 1.7032
1.0000 0.8406 1.7272
1.0000 0.8486 1.7496
1.0000 0.8531 1.7702
1.0000 0.8540 1.7890
1.0000 0.8513 1.8059
1.0000 0.8450 1.8208
2.0000 0.6995 1.2211
2.0000 0.9247 0.4897
2.0000 0.9708 0.4109
2.0000 0.5675 1.1667
2.0000 0.8563 0.6556
2.0000 1.0100 0.0550
2.0000 0.7436 1.0449
2.0000 0.4938 1.6437
2.0000 0.8129 0.7698
2.0000 1.1398 -0.2200
2.0000 0.7919 0.8042
2.0000 0.7504 0.7025
2.0000 0.9064 0.6530
2.0000 1.1159 -0.2363
2.0000 0.5577 1.3158
2.0000 1.1765 -0.2443
2.0000 0.7118 1.1467
2.0000 0.6418 1.1502
2.0000 0.4970 1.5593
2.0000 1.0532 -0.1290
2.0000 0.6623 0.9559
2.0000 0.5262 1.3661
2.0000 0.5053 1.4868
2.0000 0.9257 0.4527
2.0000 0.9075 0.2732
2.0000 0.4828 1.5772
2.0000 0.5220 1.5357
2.0000 0.5471 1.5636
2.0000 0.7443 0.9464
2.0000 1.0746 0.0849
2.0000 0.6896 1.1405
2.0000 1.0479 0.2001
2.0000 0.8456 0.6860
2.0000 0.4940 1.5658
2.0000 0.8814 0.4011
2.0000 0.5102 1.3553
2.0000 1.0900 -0.1390
2.0000 1.0500 0.1879
2.0000 0.6985 1.1968
2.0000 0.5233 1.5810
2.0000 0.5631 1.4218
2.0000 0.9745 0.4714
2.0000 0.7655 0.7095
2.0000 0.6394 1.2214
2.0000 0.6688 0.8983
2.0000 0.8671 0.5963
2.0000 0.8990 0.2870
2.0000 1.0585 -0.0423
2.0000 1.0838 -0.0575
2.0000 1.0169 0.0756
2.0000 0.8964 0.5233
2.0000 0.5180 1.5744
2.0000 0.7504 0.9165
2.0000 0.7169 1.1237
2.0000 1.0016 0.2221
2.0000 0.7226 0.6619
2.0000 0.7330 0.7787
2.0000 0.9583 0.3988
2.0000 0.5768 1.0919
2.0000 0.7198 0.9518
2.0000 0.4230 1.6931
2.0000 0.5614 1.2935
2.0000 0.6439 1.2512
2.0000 0.8003 0.8371
2.0000 1.1150 -0.2407
2.0000 0.7135 1.1933
2.0000 0.7728 0.6074
2.0000 0.7295 1.0912
2.0000 0.6454 0.9603
2.0000 0.6665 0.9804
2.0000 0.5765 1.4167
2.0000 1.0978 -0.0708
2.0000 0.9193 0.3371
2.0000 0.7402 1.0395
2.0000 0.9588 0.1672
2.0000 0.7874 0.8228
2.0000 0.9169 0.5587
2.0000 0.9531 0.3864
2.0000 1.0264 0.2255
2.0000 0.6924 1.0862
2.0000 0.4421 1.5688
2.0000 0.9495 0.2847
2.0000 1.1013 -0.0049
2.0000 0.5324 1.5110
2.0000 0.5431 1.4275
2.0000 0.8744 0.7257
2.0000 0.9666 0.4324
2.0000 0.7413 1.1175
2.0000 1.0177 -0.0545
2.0000 1.0687 -0.1538
2.0000 0.8191 0.8634
2.0000 0.8099 0.7542
2.0000 0.9800 0.2297
2.0000 0.6008 1.1769
2.0000 0.9220 0.3467
2.0000 1.0376 0.2390
2.0000 0.7421 0.7389
2.0000 0.7427 0.7410
2.0000 0.8272 0.4807
2.0000 1.0666 -0.1481
3.0000 -0.0289 -0.1983
3.0000 -0.4950 -0.3325
3.0000 0.0058 0.0615
3.0000 -0.0975 -0.0513
3.0000 -0.3867 0.2074
3.0000 0.4559 -0.4027
3.0000 -0.5076 -0.2041
3.0000 -0.1439 -0.2937
3.0000 0.2750 -0.1947
3.0000 -0.5124 -0.1809
3.0000 0.2673 -0.6290
3.0000 -0.1739 -0.2855
3.0000 0.0165 0.3981
3.0000 0.3024 -0.5701
3.0000 -0.4303 -0.0275
3.0000 -0.4315 -0.3871
3.0000 -0.0706 0.2377
3.0000 -0.2336 0.2980
3.0000 -0.1988 0.3240
3.0000 0.0772 -0.0892
3.0000 0.2823 0.1012
3.0000 -0.2305 -0.5802
3.0000 0.1504 0.2213
3.0000 0.2930 -0.0015
3.0000 -0.0875 -0.4937
3.0000 -0.0564 -0.4131
3.0000 0.3216 -0.0222
3.0000 0.1574 0.0788
3.0000 -0.5330 0.0591
3.0000 0.2101 -0.1632
3.0000 0.4239 -0.5559
3.0000 -0.3571 -0.0457
3.0000 -0.4700 -0.3934
3.0000 0.0130 -0.1483
3.0000 -0.2810 -0.6557
3.0000 0.5731 -0.0367
3.0000 -0.2441 -0.0695
3.0000 0.1459 -0.6456
3.0000 -0.2857 -0.0736
3.0000 -0.5903 -0.1409
3.0000 -0.4732 -0.5584
3.0000 -0.1045 -0.4428
3.0000 0.5723 -0.1499
3.0000 -0.4189 0.0159
3.0000 0.3206 -0.5918
3.0000 -0.2655 0.1889
3.0000 -0.3407 -0.3002
3.0000 0.4256 -0.0035
3.0000 0.4907 -0.0291
3.0000 -0.4984 -0.1672
3.0000 0.4208 0.0870
3.0000 0.0760 -0.0330
3.0000 -0.1850 -0.3906
3.0000 0.2468 0.2997
3.0000 -0.0119 -0.6882
3.0000 0.3743 0.2280
3.0000 -0.0518 0.1455
3.0000 0.4489 -0.5165
3.0000 0.1337 0.1874
3.0000 0.5181 -0.0072
3.0000 0.3796 -0.6143
3.0000 -0.2425 -0.3564
3.0000 -0.0194 -0.0158
3.0000 -0.4871 -0.1358
3.0000 -0.3674 -0.1920
3.0000 -0.1847 -0.5450
3.0000 -0.3231 -0.5457
3.0000 -0.4683 -0.4379
3.0000 0.1665 -0.0467
3.0000 -0.4635 -0.4818
3.0000 -0.0854 0.2898
3.0000 -0.1966 -0.3831
3.0000 0.0049 -0.5708
3.0000 0.1717 -0.6698
3.0000 0.2465 -0.2137
3.0000 0.0288 0.0601
3.0000 0.0349 -0.6709
3.0000 -0.0850 0.0226
3.0000 0.2534 -0.1787
3.0000 -0.0811 -0.3778
3.0000 0.5661 -0.0567
3.0000 0.3114 -0.1973
3.0000 0.0716 -0.7940
3.0000 -0.1529 -0.5294
3.0000 -0.1262 0.1432
3.0000 -0.2581 -0.1374
3.0000 0.4591 -0.2250
3.0000 0.4752 -0.5241
3.0000 0.1240 -0.7643
3.0000 0.2390 -0.1895
3.0000 -0.1337 0.0004
3.0000 0.1104 -0.3920
3.0000 -0.1494 -0.5418
3.0000 0.4518 -0.0219
3.0000 -0.2804 -0.1996
3.0000 0.5433 0.0365
3.0000 -0.0054 -0.3779
3.0000 -0.1942 0.1761
3.0000 0.3002 -0.4417
3.0000 0.1622 -0.1333
3.0000 0.0146 0.0061
3.0000 -0.3490 -0.3027
3.0000 0.2787 -0.2753
3.0000 0.0109 -0.3804
3.0000 -0.4228 -0.0467
3.0000 0.2910 -0.1762
3.0000 -0.5130 -0.4327
3.0000 -0.3628 0.1714
3.0000 -0.2005 -0.0456
3.0000 0.4375 -0.4771
3.0000 -0.2050 0.0819
3.0000 -0.1755 0.2728
3.0000 0.0274 -0.6675
3.0000 0.1395 -0.6625
3.0000 0.3739 -0.0351
3.0000 0.4126 -0.1330
3.0000 -0.0904 -0.7280
3.0000 -0.5200 -0.4724
3.0000 0.0701 -0.3473
3.0000 0.1309 -0.1268
3.0000 0.0469 0.0811
3.0000 0.3674 0.2535
3.0000 0.3511 -0.2563
3.0000 -0.2079 -0.2871
3.0000 -0.5314 0.0761
3.0000 0.1480 -0.4263
3.0000 -0.1560 -0.6370
3.0000 0.0982 -0.2342
3.0000 0.1640 0.0771
3.0000 -0.4554 0.0893
3.0000 -0.1787 -0.3329
3.0000 -0.3523 0.0027
3.0000 0.0383 -0.6027
3.0000 0.2345 0.2749
3.0000 -0.3567 -0.6237
3.0000 -0.0520 -0.6932
3.0000 -0.3874 -0.4158
3.0000 -0.1326 -0.1667
3.0000 0.4594 -0.5047
3.0000 0.1020 -0.2491
3.0000 -0.3766 0.0114
3.0000 0.4554 0.0475
3.0000 -0.1361 -0.0584
3.0000 -0.4176 -0.5368
3.0000 -0.2548 -0.1168
3.0000 0.4459 0.1576
3.0000 0.4391 -0.5829
3.0000 -0.1049 -0.7866
3.0000 -0.0152 -0.1673
3.0000 0.3350 0.0343
