1.0000 14.2300 1.7100 2.4300 15.6000 127.0000 2.8000 3.0600 0.2800 2.2900 5.6400 1.0400 3.9200 1065.0000
1.0000 13.2000 1.7800 2.1400 11.2000 100.0000 2.6500 2.7600 0.2600 1.2800 4.3800 1.0500 3.4000 1050.0000
1.0000 13.1600 2.3600 2.6700 18.6000 101.0000 2.8000 3.2400 0.3000 2.8100 5.6800 1.0300 3.1700 1185.0000
1.0000 14.3700 1.9500 2.5000 16.8000 113.0000 3.8500 3.4900 0.2400 2.1800 7.8000 0.8600 3.4500 1480.0000
1.0000 13.2400 2.5900 2.8700 21.0000 118.0000 2.8000 2.6900 0.3900 1.8200 4.3200 1.0400 2.9300 735.0000
1.0000 14.2000 1.7600 2.4500 15.2000 112.0000 3.2700 3.3900 0.3400 1.9700 6.7500 1.0500 2.8500 1450.0000
1.0000 14.3900 1.8700 2.4500 14.6000 96.0000 2.5000 2.5200 0.3000 1.9800 5.2500 1.0200 3.5800 1290.0000
1.0000 14.0600 2.1500 2.6100 17.6000 121.0000 2.6000 2.5100 0.3100 1.2500 5.0500 1.0600 3.5800 1295.0000
1.0000 14.8300 1.6400 2.1700 14.0000 97.0000 2.8000 2.9800 0.2900 1.9800 5.2000 1.0800 2.8500 1045.0000
1.0000 13.8600 1.3500 2.2700 16.0000 98.0000 2.9800 3.1500 0.2200 1.8500 7.2200 1.0100 3.5500 1045.0000
1.0000 14.1000 2.1600 2.3000 18.0000 105.0000 2.9500 3.3200 0.2200 2.3800 5.7500 1.2500 3.1700 1510.0000
1.0000 14.1200 1.4800 2.3200 16.8000 95.0000 2.2000 2.4300 0.2600 1.5700 5.0000 1.1700 2.8200 1280.0000
1.0000 13.7500 1.7300 2.4100 16.0000 89.0000 2.6000 2.7600 0.2900 1.8100 5.6000 1.1500 2.9000 1320.0000
1.0000 14.7500 1.7300 2.3900 11.4000 91.0000 3.1000 3.6900 0.4300 2.8100 5.4000 1.2500 2.7300 1150.0000
1.0000 14.3800 1.8700 2.3800 12.0000 102.0000 3.3000 3.6400 0.2900 2.9600 7.5000 1.2000 3.0000 1547.0000
1.0000 13.6300 1.8100 2.7000 17.2000 112.0000 2.8500 2.9100 0.3000 1.4600 7.3000 1.2800 2.8800 1310.0000
1.0000 14.3000 1.9200 2.7200 20.0000 120.0000 2.8000 3.1400 0.3300 1.9700 6.2000 1.0700 2.6500 1280.0000
1.0000 13.8300 1.5700 2.6200 20.0000 115.0000 2.9500 3.4000 0.4000 1.7200 6.6000 1.1300 2.5700 1130.0000
1.0000 14.1900 1.5900 2.4800 16.5000 108.0000 3.3000 3.9300 0.3200 1.8600 8.7000 1.2300 2.8200 1680.0000
1.0000 13.6400 3.1000 2.5600 15.2000 116.0000 2.7000 3.0300 0.1700 1.6600 5.1000 0.9600 3.3600 845.0000
1.0000 14.0600 1.6300 2.2800 16.0000 126.0000 3.0000 3.1700 0.2400 2.1000 5.6500 1.0900 3.7100 780.0000
1.0000 12.9300 3.8000 2.6500 18.6000 102.0000 2.4100 2.4100 0.2500 1.9800 4.5000 1.0300 3.5200 770.0000
1.0000 13.7100 1.8600 2.3600 16.6000 101.0000 2.6100 2.8800 0.2700 1.6900 3.8000 1.1100 4.0000 1035.0000
1.0000 12.8500 1.6000 2.5200 17.8000 95.0000 2.4800 2.3700 0.2600 1.4600 3.9300 1.0900 3.6300 1015.0000
1.0000 13.5000 1.8100 2.6100 20.0000 96.0000 2.5300 2.6100 0.2800 1.6600 3.5200 1.1200 3.8200 845.0000
1.0000 13.0500 2.0500 3.2200 25.0000 124.0000 2.6300 2.6800 0.4700 1.9200 3.5800 1.1300 3.2000 830.0000
1.0000 13.3900 1.7700 2.6200 16.1000 93.0000 2.8500 2.9400 0.3400 1.4500 4.8000 0.9200 3.2200 1195.0000
1.0000 13.3000 1.7200 2.1400 17.0000 94.0000 2.4000 2.1900 0.2700 1.3500 3.9500 1.0200 2.7700 1285.0000
1.0000 13.8700 1.9000 2.8000 19.4000 107.0000 2.9500 2.9700 0.3700 1.7600 4.5000 1.2500 3.4000 915.0000
1.0000 14.0200 1.6800 2.2100 16.0000 96.0000 2.6500 2.3300 0.2600 1.9800 4.7000 1.0400 3.5900 1035.0000
1.0000 13.7300 1.5000 2.7000 22.5000 101.0000 3.0000 3.2500 0.2900 2.3800 5.7000 1.1900 2.7100 1285.0000
1.0000 13.5800 1.6600 2.3600 19.1000 106.0000 2.8600 3.1900 0.2200 1.9500 6.9000 1.0900 2.8800 1515.0000
1.0000 13.6800 1.8300 2.3600 17.2000 104.0000 2.4200 2.6900 0.4200 1.9700 3.8400 1.2300 2.8700 990.0000
1.0000 13.7600 1.5300 2.7000 19.5000 132.0000 2.9500 2.7400 0.5000 1.3500 5.4000 1.2500 3.0000 1235.0000
1.0000 13.5100 1.8000 2.6500 19.0000 110.0000 2.3500 2.5300 0.2900 1.5400 4.2000 1.1000 2.8700 1095.0000
1.0000 13.4800 1.8100 2.4100 20.5000 100.0000 2.7000 2.9800 0.2600 1.8600 5.1000 1.0400 3.4700 920.0000
1.0000 13.2800 1.6400 2.8400 15.5000 110.0000 2.6000 2.6800 0.3400 1.3600 4.6000 1.0900 2.7800 880.0000
1.0000 13.0500 1.6500 2.5500 18.0000 98.0000 2.4500 2.4300 0.2900 1.4400 4.2500 1.1200 2.5100 1105.0000
1.0000 13.0700 1.5000 2.1000 15.5000 98.0000 2.4000 2.6400 0.2800 1.3700 3.7000 1.1800 2.6900 1020.0000
1.0000 14.2200 3.9900 2.5100 13.2000 128.0000 3.0000 3.0400 0.2000 2.0800 5.1000 0.8900 3.5300 760.0000
1.0000 13.5600 1.7100 2.3100 16.2000 117.0000 3.1500 3.2900 0.3400 2.3400 6.1300 0.9500 3.3800 795.0000
1.0000 13.4100 3.8400 2.1200 18.8000 90.0000 2.4500 2.6800 0.2700 1.4800 4.2800 0.9100 3.0000 1035.0000
1.0000 13.8800 1.8900 2.5900 15.0000 101.0000 3.2500 3.5600 0.1700 1.7000 5.4300 0.8800 3.5600 1095.0000
1.0000 13.2400 3.9800 2.2900 17.5000 103.0000 2.6400 2.6300 0.3200 1.6600 4.3600 0.8200 3.0000 680.0000
1.0000 13.0500 1.7700 2.1000 17.0000 107.0000 3.0000 3.0000 0.2800 2.0300 5.0400 0.8800 3.3500 885.0000
1.0000 14.2100 4.0400 2.4400 18.9000 111.0000 2.8500 2.6500 0.3000 1.2500 5.2400 0.8700 3.3300 1080.0000
1.0000 14.3800 3.5900 2.2800 16.0000 102.0000 3.2500 3.1700 0.2700 2.1900 4.9000 1.0400 3.4400 1065.0000
1.0000 13.9000 1.6800 2.1200 16.0000 101.0000 3.1000 3.3900 0.2100 2.1400 6.1000 0.9100 3.3300 985.0000
1.0000 14.1000 2.0200 2.4000 18.8000 103.0000 2.7500 2.9200 0.3200 2.3800 6.2000 1.0700 2.7500 1060.0000
1.0000 13.9400 1.7300 2.2700 17.4000 108.0000 2.8800 3.5400 0.3200 2.0800 8.9000 1.1200 3.1000 1260.0000
1.0000 13.0500 1.7300 2.0400 12.4000 92.0000 2.7200 3.2700 0.1700 2.9100 7.2000 1.1200 2.9100 1150.0000
1.0000 13.8300 1.6500 2.6000 17.2000 94.0000 2.4500 2.9900 0.2200 2.2900 5.6000 1.2400 3.3700 1265.0000
1.0000 13.8200 1.7500 2.4200 14.0000 111.0000 3.8800 3.7400 0.3200 1.8700 7.0500 1.0100 3.2600 1190.0000
1.0000 13.7700 1.9000 2.6800 17.1000 115.0000 3.0000 2.7900 0.3900 1.6800 6.3000 1.1300 2.9300 1375.0000
1.0000 13.7400 1.6700 2.2500 16.4000 118.0000 2.6000 2.9000 0.2100 1.6200 5.8500 0.9200 3.2000 1060.0000
1.0000 13.5600 1.7300 2.4600 20.5000 116.0000 2.9600 2.7800 0.2000 2.4500 6.2500 0.9800 3.0300 1120.0000
1.0000 14.2200 1.7000 2.3000 16.3000 118.0000 3.2000 3.0000 0.2600 2.0300 6.3800 0.9400 3.3100 970.0000
1.0000 13.2900 1.9700 2.6800 16.8000 102.0000 3.0000 3.2300 0.3100 1.6600 6.0000 1.0700 2.8400 1270.0000
1.0000 13.7200 1.4300 2.5000 16.7000 108.0000 3.4000 3.6700 0.1900 2.0400 6.8000 0.8900 2.8700 1285.0000
2.0000 12.3700 0.9400 1.3600 10.6000 88.0000 1.9800 0.5700 0.2800 0.4200 1.9500 1.0500 1.8200 520.0000
2.0000 12.3300 1.1000 2.2800 16.0000 101.0000 2.0500 1.0900 0.6300 0.4100 3.2700 1.2500 1.6700 680.0000
2.0000 12.6400 1.3600 2.0200 16.8000 100.0000 2.0200 1.4100 0.5300 0.6200 5.7500 0.9800 1.5900 450.0000
2.0000 13.6700 1.2500 1.9200 18.0000 94.0000 2.1000 1.7900 0.3200 0.7300 3.8000 1.2300 2.4600 630.0000
2.0000 12.3700 1.1300 2.1600 19.0000 87.0000 3.5000 3.1000 0.1900 1.8700 4.4500 1.2200 2.8700 420.0000
2.0000 12.1700 1.4500 2.5300 19.0000 104.0000 1.8900 1.7500 0.4500 1.0300 2.9500 1.4500 2.2300 355.0000
2.0000 12.3700 1.2100 2.5600 18.1000 98.0000 2.4200 2.6500 0.3700 2.0800 4.6000 1.1900 2.3000 678.0000
2.0000 13.1100 1.0100 1.7000 15.0000 78.0000 2.9800 3.1800 0.2600 2.2800 5.3000 1.1200 3.1800 502.0000
2.0000 12.3700 1.1700 1.9200 19.6000 78.0000 2.1100 2.0000 0.2700 1.0400 4.6800 1.1200 3.4800 510.0000
2.0000 13.3400 0.9400 2.3600 17.0000 110.0000 2.5300 1.3000 0.5500 0.4200 3.1700 1.0200 1.9300 750.0000
2.0000 12.2100 1.1900 1.7500 16.8000 151.0000 1.8500 1.2800 0.1400 2.5000 2.8500 1.2800 3.0700 718.0000
2.0000 12.2900 1.6100 2.2100 20.4000 103.0000 1.1000 1.0200 0.3700 1.4600 3.0500 0.9060 1.8200 870.0000
2.0000 13.8600 1.5100 2.6700 25.0000 86.0000 2.9500 2.8600 0.2100 1.8700 3.3800 1.3600 3.1600 410.0000
2.0000 13.4900 1.6600 2.2400 24.0000 87.0000 1.8800 1.8400 0.2700 1.0300 3.7400 0.9800 2.7800 472.0000
2.0000 12.9900 1.6700 2.6000 30.0000 139.0000 3.3000 2.8900 0.2100 1.9600 3.3500 1.3100 3.5000 985.0000
2.0000 11.9600 1.0900 2.3000 21.0000 101.0000 3.3800 2.1400 0.1300 1.6500 3.2100 0.9900 3.1300 886.0000
2.0000 11.6600 1.8800 1.9200 16.0000 97.0000 1.6100 1.5700 0.3400 1.1500 3.8000 1.2300 2.1400 428.0000
2.0000 13.0300 0.9000 1.7100 16.0000 86.0000 1.9500 2.0300 0.2400 1.4600 4.6000 1.1900 2.4800 392.0000
2.0000 11.8400 2.8900 2.2300 18.0000 112.0000 1.7200 1.3200 0.4300 0.9500 2.6500 0.9600 2.5200 500.0000
2.0000 12.3300 0.9900 1.9500 14.8000 136.0000 1.9000 1.8500 0.3500 2.7600 3.4000 1.0600 2.3100 750.0000
2.0000 12.7000 3.8700 2.4000 23.0000 101.0000 2.8300 2.5500 0.4300 1.9500 2.5700 1.1900 3.1300 463.0000
2.0000 12.0000 0.9200 2.0000 19.0000 86.0000 2.4200 2.2600 0.3000 1.4300 2.5000 1.3800 3.1200 278.0000
2.0000 12.7200 1.8100 2.2000 18.8000 86.0000 2.2000 2.5300 0.2600 1.7700 3.9000 1.1600 3.1400 714.0000
2.0000 12.0800 1.1300 2.5100 24.0000 78.0000 2.0000 1.5800 0.4000 1.4000 2.2000 1.3100 2.7200 630.0000
2.0000 13.0500 3.8600 2.3200 22.5000 85.0000 1.6500 1.5900 0.6100 1.6200 4.8000 0.8400 2.0100 515.0000
2.0000 11.8400 0.8900 2.5800 18.0000 94.0000 2.2000 2.2100 0.2200 2.3500 3.0500 0.7900 3.0800 520.0000
2.0000 12.6700 0.9800 2.2400 18.0000 99.0000 2.2000 1.9400 0.3000 1.4600 2.6200 1.2300 3.1600 450.0000
2.0000 12.1600 1.6100 2.3100 22.8000 90.0000 1.7800 1.6900 0.4300 1.5600 2.4500 1.3300 2.2600 495.0000
2.0000 11.6500 1.6700 2.6200 26.0000 88.0000 1.9200 1.6100 0.4000 1.3400 2.6000 1.3600 3.2100 562.0000
2.0000 11.6400 2.0600 2.4600 21.6000 84.0000 1.9500 1.6900 0.4800 1.3500 2.8000 1.0000 2.7500 680.0000
2.0000 12.0800 1.3300 2.3000 23.6000 70.0000 2.2000 1.5900 0.4200 1.3800 1.7400 1.0700 3.2100 625.0000
2.0000 12.0800 1.8300 2.3200 18.5000 81.0000 1.6000 1.5000 0.5200 1.6400 2.4000 1.0800 2.2700 480.0000
2.0000 12.0000 1.5100 2.4200 22.0000 86.0000 1.4500 1.2500 0.5000 1.6300 3.6000 1.0500 2.6500 450.0000
2.0000 12.6900 1.5300 2.2600 20.7000 80.0000 1.3800 1.4600 0.5800 1.6200 3.0500 0.9600 2.0600 495.0000
2.0000 12.2900 2.8300 2.2200 18.0000 88.0000 2.4500 2.2500 0.2500 1.9900 2.1500 1.1500 3.3000 290.0000
2.0000 11.6200 1.9900 2.2800 18.0000 98.0000 3.0200 2.2600 0.1700 1.3500 3.2500 1.1600 2.9600 345.0000
2.0000 12.4700 1.5200 2.2000 19.0000 162.0000 2.5000 2.2700 0.3200 3.2800 2.6000 1.1600 2.6300 937.0000
2.0000 11.8100 2.1200 2.7400 21.5000 134.0000 1.6000 0.9900 0.1400 1.5600 2.5000 0.9500 2.2600 625.0000
2.0000 12.2900 1.4100 1.9800 16.0000 85.0000 2.5500 2.5000 0.2900 1.7700 2.9000 1.2300 2.7400 428.0000
2.0000 12.3700 1.0700 2.1000 18.5000 88.0000 3.5200 3.7500 0.2400 1.9500 4.5000 1.0400 2.7700 660.0000
2.0000 12.2900 3.1700 2.2100 18.0000 88.0000 2.8500 2.9900 0.4500 2.8100 2.3000 1.4200 2.8300 406.0000
2.0000 12.0800 2.0800 1.7000 17.5000 97.0000 2.2300 2.1700 0.2600 1.4000 3.3000 1.2700 2.9600 710.0000
2.0000 12.6000 1.3400 1.9000 18.5000 88.0000 1.4500 1.3600 0.2900 1.3500 2.4500 1.0400 2.7700 562.0000
2.0000 12.3400 2.4500 2.4600 21.0000 98.0000 2.5600 2.1100 0.3400 1.3100 2.8000 0.8000 3.3800 438.0000
2.0000 11.8200 1.7200 1.8800 19.5000 86.0000 2.5000 1.6400 0.3700 1.4200 2.0600 0.9400 2.4400 415.0000
2.0000 12.5100 1.7300 1.9800 20.5000 85.0000 2.2000 1.9200 0.3200 1.4800 2.9400 1.0400 3.5700 672.0000
2.0000 12.4200 2.5500 2.2700 22.0000 90.0000 1.6800 1.8400 0.6600 1.4200 2.7000 0.8600 3.3000 315.0000
2.0000 12.2500 1.7300 2.1200 19.0000 80.0000 1.6500 2.0300 0.3700 1.6300 3.4000 1.0000 3.1700 510.0000
2.0000 12.7200 1.7500 2.2800 22.5000 84.0000 1.3800 1.7600 0.4800 1.6300 3.3000 0.8800 2.4200 488.0000
2.0000 12.2200 1.2900 1.9400 19.0000 92.0000 2.3600 2.0400 0.3900 2.0800 2.7000 0.8600 3.0200 312.0000
2.0000 11.6100 1.3500 2.7000 20.0000 94.0000 2.7400 2.9200 0.2900 2.4900 2.6500 0.9600 3.2600 680.0000
2.0000 11.4600 3.7400 1.8200 19.5000 107.0000 3.1800 2.5800 0.2400 3.5800 2.9000 0.7500 2.8100 562.0000
2.0000 12.5200 2.4300 2.1700 21.0000 88.0000 2.5500 2.2700 0.2600 1.2200 2.0000 0.9000 2.7800 325.0000
2.0000 11.7600 2.6800 2.9200 20.0000 103.0000 1.7500 2.0300 0.6000 1.0500 3.8000 1.2300 2.5000 607.0000
2.0000 11.4100 0.7400 2.5000 21.0000 88.0000 2.4800 2.0100 0.4200 1.4400 3.0800 1.1000 2.3100 434.0000
2.0000 12.0800 1.3900 2.5000 22.5000 84.0000 2.5600 2.2900 0.4300 1.0400 2.9000 0.9300 3.1900 385.0000
2.0000 11.0300 1.5100 2.2000 21.5000 85.0000 2.4600 2.1700 0.5200 2.0100 1.9000 1.7100 2.8700 407.0000
2.0000 11.8200 1.4700 1.9900 20.8000 86.0000 1.9800 1.6000 0.3000 1.5300 1.9500 0.9500 3.3300 495.0000
2.0000 12.4200 1.6100 2.1900 22.5000 108.0000 2.0000 2.0900 0.3400 1.6100 2.0600 1.0600 2.9600 345.0000
2.0000 12.7700 3.4300 1.9800 16.0000 80.0000 1.6300 1.2500 0.4300 0.8300 3.4000 0.7000 2.1200 372.0000
2.0000 12.0000 3.4300 2.0000 19.0000 87.0000 2.0000 1.6400 0.3700 1.8700 1.2800 0.9300 3.0500 564.0000
2.0000 11.4500 2.4000 2.4200 20.0000 96.0000 2.9000 2.7900 0.3200 1.8300 3.2500 0.8000 3.3900 625.0000
2.0000 11.5600 2.0500 3.2300 28.5000 119.0000 3.1800 5.0800 0.4700 1.8700 6.0000 0.9300 3.6900 465.0000
2.0000 12.4200 4.4300 2.7300 26.5000 102.0000 2.2000 2.1300 0.4300 1.7100 2.0800 0.9200 3.1200 365.0000
2.0000 13.0500 5.8000 2.1300 21.5000 86.0000 2.6200 2.6500 0.3000 2.0100 2.6000 0.7300 3.1000 380.0000
2.0000 11.8700 4.3100 2.3900 21.0000 82.0000 2.8600 3.0300 0.2100 2.9100 2.8000 0.7500 3.6400 380.0000
2.0000 12.0700 2.1600 2.1700 21.0000 85.0000 2.6000 2.6500 0.3700 1.3500 2.7600 0.8600 3.2800 378.0000
2.0000 12.4300 1.5300 2.2900 21.5000 86.0000 2.7400 3.1500 0.3900 1.7700 3.9400 0.6900 2.8400 352.0000
2.0000 11.7900 2.1300 2.7800 28.5000 92.0000 2.1300 2.2400 0.5800 1.7600 3.0000 0.9700 2.4400 466.0000
2.0000 12.3700 1.6300 2.3000 24.5000 88.0000 2.2200 2.4500 0.4000 1.9000 2.1200 0.8900 2.7800 342.0000
2.0000 12.0400 4.3000 2.3800 22.0000 80.0000 2.1000 1.7500 0.4200 1.3500 2.6000 0.7900 2.5700 580.0000
3.0000 12.8600 1.3500 2.3200 18.0000 122.0000 1.5100 1.2500 0.2100 0.9400 4.1000 0.7600 1.2900 630.0000
3.0000 12.8800 2.9900 2.4000 20.0000 104.0000 1.3000 1.2200 0.2400 0.8300 5.4000 0.7400 1.4200 530.0000
3.0000 12.8100 2.3100 2.4000 24.0000 98.0000 1.1500 1.0900 0.2700 0.8300 5.7000 0.6600 1.3600 560.0000
3.0000 12.7000 3.5500 2.3600 21.5000 106.0000 1.7000 1.2000 0.1700 0.8400 5.0000 0.7800 1.2900 600.0000
3.0000 12.5100 1.2400 2.2500 17.5000 85.0000 2.0000 0.5800 0.6000 1.2500 5.4500 0.7500 1.5100 650.0000
3.0000 12.6000 2.4600 2.2000 18.5000 94.0000 1.6200 0.6600 0.6300 0.9400 7.1000 0.7300 1.5800 695.0000
3.0000 12.2500 4.7200 2.5400 21.0000 89.0000 1.3800 0.4700 0.5300 0.8000 3.8500 0.7500 1.2700 720.0000
3.0000 12.5300 5.5100 2.6400 25.0000 96.0000 1.7900 0.6000 0.6300 1.1000 5.0000 0.8200 1.6900 515.0000
3.0000 13.4900 3.5900 2.1900 19.5000 88.0000 1.6200 0.4800 0.5800 0.8800 5.7000 0.8100 1.8200 580.0000
3.0000 12.8400 2.9600 2.6100 24.0000 101.0000 2.3200 0.6000 0.5300 0.8100 4.9200 0.8900 2.1500 590.0000
3.0000 12.9300 2.8100 2.7000 21.0000 96.0000 1.5400 0.5000 0.5300 0.7500 4.6000 0.7700 2.3100 600.0000
3.0000 13.3600 2.5600 2.3500 20.0000 89.0000 1.4000 0.5000 0.3700 0.6400 5.6000 0.7000 2.4700 780.0000
3.0000 13.5200 3.1700 2.7200 23.5000 97.0000 1.5500 0.5200 0.5000 0.5500 4.3500 0.8900 2.0600 520.0000
3.0000 13.6200 4.9500 2.3500 20.0000 92.0000 2.0000 0.8000 0.4700 1.0200 4.4000 0.9100 2.0500 550.0000
3.0000 12.2500 3.8800 2.2000 18.5000 112.0000 1.3800 0.7800 0.2900 1.1400 8.2100 0.6500 2.0000 855.0000
3.0000 13.1600 3.5700 2.1500 21.0000 102.0000 1.5000 0.5500 0.4300 1.3000 4.0000 0.6000 1.6800 830.0000
3.0000 13.8800 5.0400 2.2300 20.0000 80.0000 0.9800 0.3400 0.4000 0.6800 4.9000 0.5800 1.3300 415.0000
3.0000 12.8700 4.6100 2.4800 21.5000 86.0000 1.7000 0.6500 0.4700 0.8600 7.6500 0.5400 1.8600 625.0000
3.0000 13.3200 3.2400 2.3800 21.5000 92.0000 1.9300 0.7600 0.4500 1.2500 8.4200 0.5500 1.6200 650.0000
3.0000 13.0800 3.9000 2.3600 21.5000 113.0000 1.4100 1.3900 0.3400 1.1400 9.4000 0.5700 1.3300 550.0000
3.0000 13.5000 3.1200 2.6200 24.0000 123.0000 1.4000 1.5700 0.2200 1.2500 8.6000 0.5900 1.3000 500.0000
3.0000 12.7900 2.6700 2.4800 22.0000 112.0000 1.4800 1.3600 0.2400 1.2600 10.8000 0.4800 1.4700 480.0000
3.0000 13.1100 1.9000 2.7500 25.5000 116.0000 2.2000 1.2800 0.2600 1.5600 7.1000 0.6100 1.3300 425.0000
3.0000 13.2300 3.3000 2.2800 18.5000 98.0000 1.8000 0.8300 0.6100 1.8700 10.5200 0.5600 1.5100 675.0000
3.0000 12.5800 1.2900 2.1000 20.0000 103.0000 1.4800 0.5800 0.5300 1.4000 7.6000 0.5800 1.5500 640.0000
3.0000 13.1700 5.1900 2.3200 22.0000 93.0000 1.7400 0.6300 0.6100 1.5500 7.9000 0.6000 1.4800 725.0000
3.0000 13.8400 4.1200 2.3800 19.5000 89.0000 1.8000 0.8300 0.4800 1.5600 9.0100 0.5700 1.6400 480.0000
3.0000 12.4500 3.0300 2.6400 27.0000 97.0000 1.9000 0.5800 0.6300 1.1400 7.5000 0.6700 1.7300 880.0000
3.0000 14.3400 1.6800 2.7000 25.0000 98.0000 2.8000 1.3100 0.5300 2.7000 13.0000 0.5700 1.9600 660.0000
3.0000 13.4800 1.6700 2.6400 22.5000 89.0000 2.6000 1.1000 0.5200 2.2900 11.7500 0.5700 1.7800 620.0000
3.0000 12.3600 3.8300 2.3800 21.0000 88.0000 2.3000 0.9200 0.5000 1.0400 7.6500 0.5600 1.5800 520.0000
3.0000 13.6900 3.2600 2.5400 20.0000 107.0000 1.8300 0.5600 0.5000 0.8000 5.8800 0.9600 1.8200 680.0000
3.0000 12.8500 3.2700 2.5800 22.0000 106.0000 1.6500 0.6000 0.6000 0.9600 5.5800 0.8700 2.1100 570.0000
3.0000 12.9600 3.4500 2.3500 18.5000 106.0000 1.3900 0.7000 0.4000 0.9400 5.2800 0.6800 1.7500 675.0000
3.0000 13.7800 2.7600 2.3000 22.0000 90.0000 1.3500 0.6800 0.4100 1.0300 9.5800 0.7000 1.6800 615.0000
3.0000 13.7300 4.3600 2.2600 22.5000 88.0000 1.2800 0.4700 0.5200 1.1500 6.6200 0.7800 1.7500 520.0000
3.0000 13.4500 3.7000 2.6000 23.0000 111.0000 1.7000 0.9200 0.4300 1.4600 10.6800 0.8500 1.5600 695.0000
3.0000 12.8200 3.3700 2.3000 19.5000 88.0000 1.4800 0.6600 0.4000 0.9700 10.2600 0.7200 1.7500 685.0000
3.0000 13.5800 2.5800 2.6900 24.5000 105.0000 1.5500 0.8400 0.3900 1.5400 8.6600 0.7400 1.8000 750.0000
3.0000 13.4000 4.6000 2.8600 25.0000 112.0000 1.9800 0.9600 0.2700 1.1100 8.5000 0.6700 1.9200 630.0000
3.0000 12.2000 3.0300 2.3200 19.0000 96.0000 1.2500 0.4900 0.4000 0.7300 5.5000 0.6600 1.8300 510.0000
3.0000 12.7700 2.3900 2.2800 19.5000 86.0000 1.3900 0.5100 0.4800 0.6400 9.9000 0.5700 1.6300 470.0000
3.0000 14.1600 2.5100 2.4800 20.0000 91.0000 1.6800 0.7000 0.4400 1.2400 9.7000 0.6200 1.7100 660.0000
3.0000 13.7100 5.6500 2.4500 20.5000 95.0000 1.6800 0.6100 0.5200 1.0600 7.7000 0.6400 1.7400 740.0000
3.0000 13.4000 3.9100 2.4800 23.0000 102.0000 1.8000 0.7500 0.4300 1.4100 7.3000 0.7000 1.5600 750.0000
3.0000 13.2700 4.2800 2.2600 20.0000 120.0000 1.5900 0.6900 0.4300 1.3500 10.2000 0.5900 1.5600 835.0000
3.0000 13.1700 2.5900 2.3700 20.0000 120.0000 1.6500 0.6800 0.5300 1.4600 9.3000 0.6000 1.6200 840.0000
3.0000 14.1300 4.1000 2.7400 24.5000 96.0000 2.0500 0.7600 0.5600 1.3500 9.2000 0.6100 1.6000 560.0000
