100000 100600
0 0
0 3
0 6
0 9
0 12
0 15
0 18
0 21
0 24
0 27
0 30
0 33
0 36
0 39
0 42
0 45
0 48
0 51
0 54
0 57
3 0
3 3
3 6
3 9
3 12
3 15
3 18
3 21
3 24
3 27
3 30
3 33
3 36
3 39
3 42
3 45
3 48
3 51
3 54
3 57
6 0
6 3
6 6
6 9
6 12
6 15
6 18
6 21
6 24
6 27
6 30
6 33
6 36
6 39
6 42
6 45
6 48
6 51
6 54
6 57
9 0
9 3
9 6
9 9
9 12
9 15
9 18
9 21
9 24
9 27
9 30
9 33
9 36
9 39
9 42
9 45
9 48
9 51
9 54
9 57
12 0
12 3
12 6
12 9
12 12
12 15
12 18
12 21
12 24
12 27
12 30
12 33
12 36
12 39
12 42
12 45
12 48
12 51
12 54
12 57
15 0
15 3
15 6
15 9
15 12
15 15
15 18
15 21
15 24
15 27
15 30
15 33
15 36
15 39
15 42
15 45
15 48
15 51
15 54
15 57
18 0
18 3
18 6
18 9
18 12
18 15
18 18
18 21
18 24
18 27
18 30
18 33
18 36
18 39
18 42
18 45
18 48
18 51
18 54
18 57
21 0
21 3
21 6
21 9
21 12
21 15
21 18
21 21
21 24
21 27
21 30
21 33
21 36
21 39
21 42
21 45
21 48
21 51
21 54
21 57
24 0
24 3
24 6
24 9
24 12
24 15
24 18
24 21
24 24
24 27
24 30
24 33
24 36
24 39
24 42
24 45
24 48
24 51
24 54
24 57
27 0
27 3
27 6
27 9
27 12
27 15
27 18
27 21
27 24
27 27
27 30
27 33
27 36
27 39
27 42
27 45
27 48
27 51
27 54
27 57
30 0
30 3
30 6
30 9
30 12
30 15
30 18
30 21
30 24
30 27
30 30
30 33
30 36
30 39
30 42
30 45
30 48
30 51
30 54
30 57
33 0
33 3
33 6
33 9
33 12
33 15
33 18
33 21
33 24
33 27
33 30
33 33
33 36
33 39
33 42
33 45
33 48
33 51
33 54
33 57
36 0
36 3
36 6
36 9
36 12
36 15
36 18
36 21
36 24
36 27
36 30
36 33
36 36
36 39
36 42
36 45
36 48
36 51
36 54
36 57
39 0
39 3
39 6
39 9
39 12
39 15
39 18
39 21
39 24
39 27
39 30
39 33
39 36
39 39
39 42
39 45
39 48
39 51
39 54
39 57
42 0
42 3
42 6
42 9
42 12
42 15
42 18
42 21
42 24
42 27
42 30
42 33
42 36
42 39
42 42
42 45
42 48
42 51
42 54
42 57
45 0
45 3
45 6
45 9
45 12
45 15
45 18
45 21
45 24
45 27
45 30
45 33
45 36
45 39
45 42
45 45
45 48
45 51
45 54
45 57
48 0
48 3
48 6
48 9
48 12
48 15
48 18
48 21
48 24
48 27
48 30
48 33
48 36
48 39
48 42
48 45
48 48
48 51
48 54
48 57
51 0
51 3
51 6
51 9
51 12
51 15
51 18
51 21
51 24
51 27
51 30
51 33
51 36
51 39
51 42
51 45
51 48
51 51
51 54
51 57
54 0
54 3
54 6
54 9
54 12
54 15
54 18
54 21
54 24
54 27
54 30
54 33
54 36
54 39
54 42
54 45
54 48
54 51
54 54
54 57
57 0
57 3
57 6
57 9
57 12
57 15
57 18
57 21
57 24
57 27
57 30
57 33
57 36
57 39
57 42
57 45
57 48
57 51
57 54
57 57
60 0
60 3
60 6
60 9
60 12
60 15
60 18
60 21
60 24
60 27
60 30
60 33
60 36
60 39
60 42
60 45
60 48
60 51
60 54
60 57
63 0
63 3
63 6
63 9
63 12
63 15
63 18
63 21
63 24
63 27
63 30
63 33
63 36
63 39
63 42
63 45
63 48
63 51
63 54
63 57
66 0
66 3
66 6
66 9
66 12
66 15
66 18
66 21
66 24
66 27
66 30
66 33
66 36
66 39
66 42
66 45
66 48
66 51
66 54
66 57
69 0
69 3
69 6
69 9
69 12
69 15
69 18
69 21
69 24
69 27
69 30
69 33
69 36
69 39
69 42
69 45
69 48
69 51
69 54
69 57
72 0
72 3
72 6
72 9
72 12
72 15
72 18
72 21
72 24
72 27
72 30
72 33
72 36
72 39
72 42
72 45
72 48
72 51
72 54
72 57
75 0
75 3
75 6
75 9
75 12
75 15
75 18
75 21
75 24
75 27
75 30
75 33
75 36
75 39
75 42
75 45
75 48
75 51
75 54
75 57
78 0
78 3
78 6
78 9
78 12
78 15
78 18
78 21
78 24
78 27
78 30
78 33
78 36
78 39
78 42
78 45
78 48
78 51
78 54
78 57
81 0
81 3
81 6
81 9
81 12
81 15
81 18
81 21
81 24
81 27
81 30
81 33
81 36
81 39
81 42
81 45
81 48
81 51
81 54
81 57
84 0
84 3
84 6
84 9
84 12
84 15
84 18
84 21
84 24
84 27
84 30
84 33
84 36
84 39
84 42
84 45
84 48
84 51
84 54
84 57
87 0
87 3
87 6
87 9
87 12
87 15
87 18
87 21
87 24
87 27
87 30
87 33
87 36
87 39
87 42
87 45
87 48
87 51
87 54
87 57
