20000 20300
0 0
0 2
0 4
0 6
0 8
0 10
0 12
0 14
0 16
0 18
0 20
0 22
0 24
0 26
0 28
2 0
2 2
2 4
2 6
2 8
2 10
2 12
2 14
2 16
2 18
2 20
2 22
2 24
2 26
2 28
4 0
4 2
4 4
4 6
4 8
4 10
4 12
4 14
4 16
4 18
4 20
4 22
4 24
4 26
4 28
6 0
6 2
6 4
6 6
6 8
6 10
6 12
6 14
6 16
6 18
6 20
6 22
6 24
6 26
6 28
8 0
8 2
8 4
8 6
8 8
8 10
8 12
8 14
8 16
8 18
8 20
8 22
8 24
8 26
8 28
10 0
10 2
10 4
10 6
10 8
10 10
10 12
10 14
10 16
10 18
10 20
10 22
10 24
10 26
10 28
12 0
12 2
12 4
12 6
12 8
12 10
12 12
12 14
12 16
12 18
12 20
12 22
12 24
12 26
12 28
14 0
14 2
14 4
14 6
14 8
14 10
14 12
14 14
14 16
14 18
14 20
14 22
14 24
14 26
14 28
16 0
16 2
16 4
16 6
16 8
16 10
16 12
16 14
16 16
16 18
16 20
16 22
16 24
16 26
16 28
18 0
18 2
18 4
18 6
18 8
18 10
18 12
18 14
18 16
18 18
18 20
18 22
18 24
18 26
18 28
20 0
20 2
20 4
20 6
20 8
20 10
20 12
20 14
20 16
20 18
20 20
20 22
20 24
20 26
20 28
22 0
22 2
22 4
22 6
22 8
22 10
22 12
22 14
22 16
22 18
22 20
22 22
22 24
22 26
22 28
24 0
24 2
24 4
24 6
24 8
24 10
24 12
24 14
24 16
24 18
24 20
24 22
24 24
24 26
24 28
26 0
26 2
26 4
26 6
26 8
26 10
26 12
26 14
26 16
26 18
26 20
26 22
26 24
26 26
26 28
28 0
28 2
28 4
28 6
28 8
28 10
28 12
28 14
28 16
28 18
28 20
28 22
28 24
28 26
28 28
30 0
30 2
30 4
30 6
30 8
30 10
30 12
30 14
30 16
30 18
30 20
30 22
30 24
30 26
30 28
32 0
32 2
32 4
32 6
32 8
32 10
32 12
32 14
32 16
32 18
32 20
32 22
32 24
32 26
32 28
34 0
34 2
34 4
34 6
34 8
34 10
34 12
34 14
34 16
34 18
34 20
34 22
34 24
34 26
34 28
36 0
36 2
36 4
36 6
36 8
36 10
36 12
36 14
36 16
36 18
36 20
36 22
36 24
36 26
36 28
38 0
38 2
38 4
38 6
38 8
38 10
38 12
38 14
38 16
38 18
38 20
38 22
38 24
38 26
38 28
