3.0000000000000000 11.3989577482195230 3.8341443678420268
1.0000000000000000 6.9996360067327785 9.9988468261216052
3.0000000000000000 12.7688597899601142 3.1988376522653366
4.0000000000000000 2.2074168594710963 10.5353163966589634
3.0000000000000000 13.0023213438051464 2.2483093713604534
3.0000000000000000 13.7610474799139126 2.2600083610456658
3.0000000000000000 13.8495441913840871 3.3858553841077890
3.0000000000000000 12.9736258462504122 3.0988997357218064
1.0000000000000000 6.2505871254917729 10.7175253864081537
3.0000000000000000 12.6091553731735040 3.3514061767472163
3.0000000000000000 12.8710223459667166 2.8421028506180028
5.0000000000000000 13.4015218481774259 8.9200446922227119
3.0000000000000000 13.7390875501648502 2.3935649473037928
3.0000000000000000 12.0300274790109167 4.0891131634123550
3.0000000000000000 12.7689639698864585 3.8202612601579711
3.0000000000000000 12.5095459308816768 2.7977087861128123
1.0000000000000000 6.8727644711971365 9.1557989106902760
5.0000000000000000 13.6563327871989877 8.9649437178391711
1.0000000000000000 8.0463315398038215 9.6028653025243074
3.0000000000000000 13.8938877964376140 3.1238057481417361
5.0000000000000000 13.5048926208695068 9.9821370713428905
3.0000000000000000 13.0932207044692799 0.8534088378770854
1.0000000000000000 6.8380584034640517 10.2115240195973414
5.0000000000000000 11.8678346545534215 10.3903634753820278
5.0000000000000000 13.9056621121308464 8.2200755050997500
4.0000000000000000 2.5195099181551934 10.2513994460725453
1.0000000000000000 6.2993164987281007 9.2872915999480021
4.0000000000000000 3.2343698300916146 7.8933914629769166
3.0000000000000000 12.1135488805690574 2.0352513406934110
5.0000000000000000 14.2181914160282297 10.7110224957813482
3.0000000000000000 14.4292767462823655 1.3670317404154408
1.0000000000000000 6.6717770142586765 9.0244007964653203
3.0000000000000000 14.0027423889581399 2.5693796616247564
3.0000000000000000 13.8715993949286798 3.4299108321621041
3.0000000000000000 13.4904119733662959 1.7698610086094706
3.0000000000000000 13.3369434428104867 3.0775093969268252
4.0000000000000000 3.4374915793800591 7.8063261042826317
4.0000000000000000 2.4615480063999069 10.1916880221637740
5.0000000000000000 12.9136638754165372 8.4707484298723212
3.0000000000000000 11.9015559913815494 4.0149904920114938
4.0000000000000000 1.8021121105179005 9.8978594838631242
3.0000000000000000 13.2646385734279590 2.6191479392808694
3.0000000000000000 14.5625192850168759 2.5508232448769426
1.0000000000000000 8.0502250964972539 9.6214566115279911
1.0000000000000000 7.2200505977290534 9.2417312548782586
3.0000000000000000 14.5712117252586246 2.7654156084208417
1.0000000000000000 8.2722629301700827 9.6115778824569649
3.0000000000000000 11.2148077708480383 2.1799144830404966
3.0000000000000000 12.4268103198152442 3.1130518921861894
3.0000000000000000 11.1252369783000429 3.0684066645408850
3.0000000000000000 14.3140561729800559 2.9156851141006612
1.0000000000000000 7.7888346115304401 8.9837782371114816
1.0000000000000000 7.6373000507598663 10.3319724857369053
1.0000000000000000 7.1845282939033757 9.1921579784754428
5.0000000000000000 14.5041700868171723 7.6993121038486292
3.0000000000000000 11.0871912236021988 4.0900329259305206
3.0000000000000000 12.7516826314027618 1.8466241229922531
3.0000000000000000 13.8337917485376991 2.3225838338667701
3.0000000000000000 13.4339916835521365 1.5787339271372645
4.0000000000000000 2.2812312009679894 7.3553382741585924
3.0000000000000000 13.8032512084404715 3.0731049881623438
4.0000000000000000 4.1841593779628177 7.8841801390749620
1.0000000000000000 7.1349120647574180 9.9027948110646555
3.0000000000000000 13.0446321120934776 3.6333674588839617
5.0000000000000000 10.8033867949858227 9.3624213246754575
3.0000000000000000 14.4779257549777611 3.3030908304927102
3.0000000000000000 14.4730383272096930 2.3460421870304256
4.0000000000000000 3.4940533999455861 8.3047325585388769
3.0000000000000000 12.6873024474920459 4.4436742747332261
5.0000000000000000 14.3697718245482093 10.0680195986337058
5.0000000000000000 14.2445101251818844 9.7364888400778486
3.0000000000000000 13.7850284051403396 4.6813005547333191
3.0000000000000000 13.0010958217351202 3.3781789034333642
1.0000000000000000 6.8976518395986091 11.3114285424212433
3.0000000000000000 13.5831165935938181 3.0231585827647747
1.0000000000000000 8.0594731006227427 10.5718951691927465
3.0000000000000000 10.6333688921295337 2.9531474845809100
3.0000000000000000 12.4213299354048932 3.7027127963745166
2.0000000000000000 3.5365785381926709 1.7029507118554381
1.0000000000000000 7.4210332527883560 8.7752720194389866
5.0000000000000000 13.7921215515915936 9.1255487298134277
3.0000000000000000 12.8362683870831287 2.6102391846303745
3.0000000000000000 12.1245535797514670 3.0515619017621542
4.0000000000000000 2.8997266932575458 9.1567358961276231
3.0000000000000000 12.7199454264919076 2.1838308561953674
5.0000000000000000 12.4739255951238803 10.7511208808218512
5.0000000000000000 14.4586279046502000 9.8448954294337607
3.0000000000000000 14.6681051946106304 2.2886334028509285
5.0000000000000000 14.2063440672786303 8.2457518066472453
3.0000000000000000 13.0282262166475604 3.5310974225877167
5.0000000000000000 13.3678954629594315 7.0223694853142717
3.0000000000000000 12.5688401565311452 3.3257787191043522
3.0000000000000000 13.4265190129484751 3.6946223974821324
3.0000000000000000 13.1395957431987203 3.7347859111646518
3.0000000000000000 12.5096633402218487 3.0357511226513236
3.0000000000000000 13.0388081348795541 2.1866118251768527
3.0000000000000000 12.6557085214549634 1.9400285645253728
4.0000000000000000 3.5722438808895030 10.4201057528724874
3.0000000000000000 13.2106228881222911 1.4634269144086882
3.0000000000000000 11.7675635541085750 2.1170894239626583
5.0000000000000000 12.0926118206040876 10.4083216224249178
3.0000000000000000 13.1859958473540892 3.5328230790193658
1.0000000000000000 6.6501956142629215 10.3829344543408588
3.0000000000000000 12.7090631320446565 3.2410556343937067
1.0000000000000000 8.0421702570278271 10.2114187460527344
5.0000000000000000 14.3790152593248219 7.9400658624396359
3.0000000000000000 13.7267126264292187 3.5487000598110869
1.0000000000000000 9.3536325403850515 10.0685751364661620
2.0000000000000000 2.0166419924712411 3.1049006396526546
3.0000000000000000 15.2006324884670629 4.8982085973113865
3.0000000000000000 14.8652140445741328 2.8103874921933207
5.0000000000000000 12.6929556717519301 9.2535730979813575
5.0000000000000000 12.1280333708031378 7.8467249260576954
3.0000000000000000 14.4871477395740271 3.0421355260090852
1.0000000000000000 8.5777249097193788 9.8786336688104335
3.0000000000000000 10.8538173468841208 1.5576288593808001
3.0000000000000000 12.2028321122612393 2.2947477102766891
4.0000000000000000 4.7080497834537578 8.9526458577751438
3.0000000000000000 12.8641306099009256 3.0230751484103924
5.0000000000000000 13.7305308089291671 9.6867523916584535
1.0000000000000000 6.7737039934294483 9.6058627843368036
5.0000000000000000 12.8549658091785020 9.8480957131789726
1.0000000000000000 8.3163627370138578 10.1273416709989963
5.0000000000000000 13.2328325549855155 8.8880433218172890
3.0000000000000000 12.6306349176969910 1.0046493175515145
3.0000000000000000 13.8190048223682176 2.0875546411029866
3.0000000000000000 12.7134474935274735 3.1691640186100298
3.0000000000000000 12.6365323970049150 3.9227784836493953
3.0000000000000000 12.1047330389833352 3.1264686263690860
2.0000000000000000 2.6855500044553140 3.2350628016767251
3.0000000000000000 12.6439643356716669 4.8578201539283139
3.0000000000000000 12.3312693186146252 3.2666300133786690
3.0000000000000000 13.5978405431044305 3.5400673561084317
3.0000000000000000 13.7107300378038541 3.0008106199570017
3.0000000000000000 11.3548979240615289 1.2761527101441106
3.0000000000000000 13.1806077320528825 2.9857771236443273
3.0000000000000000 13.3719788544976872 1.5710229103144531
3.0000000000000000 13.0627989925731338 2.8040005212191081
3.0000000000000000 13.3109462119181643 2.4842007222516158
5.0000000000000000 12.3996544827335970 9.7960038581812316
5.0000000000000000 13.5863623365698238 7.7431544202336253
1.0000000000000000 7.5570901437836042 10.3974809784485203
5.0000000000000000 12.7930987163585446 9.2437277633656052
1.0000000000000000 7.4151297976738624 9.9663296046091414
3.0000000000000000 13.4268918029313600 2.3639683702008480
3.0000000000000000 14.7485728520573414 3.0554714687691304
1.0000000000000000 7.7536572539103581 11.0921679651271194
4.0000000000000000 2.6397131222370431 8.5681908615762268
5.0000000000000000 13.4500565874982456 9.8865048537237055
3.0000000000000000 12.5516605835112625 2.1955476689168010
3.0000000000000000 12.4256688924901368 4.0623958482139768
1.0000000000000000 6.9859747556462599 9.2025831666139410
3.0000000000000000 11.1262828684576593 2.2034189515269444
4.0000000000000000 2.3125927412079190 7.8070286791887664
4.0000000000000000 2.9800821629588401 11.0806396518282071
3.0000000000000000 11.8198949020588362 2.5544560272087007
1.0000000000000000 6.8028206305749928 11.5517055171204088
3.0000000000000000 12.8434423623369440 2.4103784418308867
1.0000000000000000 7.2211017107131887 10.3065881878668435
1.0000000000000000 7.7353586340033029 8.3872074556817324
4.0000000000000000 3.0736098262780680 8.1163433775113596
2.0000000000000000 3.0882132894111729 2.4404916904799103
1.0000000000000000 6.2388793915839766 10.8421946145034802
3.0000000000000000 12.3045486297302133 3.9942646545436720
3.0000000000000000 14.4703192618119960 2.2595245690836148
2.0000000000000000 4.5246872110515488 2.2440770072628577
1.0000000000000000 9.9703023986353472 9.0130648683693284
4.0000000000000000 3.4206362198732490 10.6970234569141294
2.0000000000000000 3.5430509447766831 2.4194155580065453
3.0000000000000000 12.7412291450083597 2.6071829974466008
5.0000000000000000 13.5163690452930432 9.0395849353397519
4.0000000000000000 3.6700944298636582 11.1611084768616067
5.0000000000000000 14.9528896899928387 10.1040520269205345
3.0000000000000000 11.1501431438448222 2.5618137786526973
5.0000000000000000 13.5110616470734985 8.7887497472489002
3.0000000000000000 12.3079191125030043 3.0970164294162119
3.0000000000000000 12.6511167191439782 2.1978138926660531
4.0000000000000000 3.5071688380744237 10.0438842054126614
1.0000000000000000 5.7775258948330812 8.9251934187492985
3.0000000000000000 12.9527432073319577 4.2900116299355275
4.0000000000000000 2.1403124962952349 8.4067747685448708
3.0000000000000000 13.0643704576241682 4.0933161290065527
3.0000000000000000 11.6178713047505795 3.3770882166444847
1.0000000000000000 7.0121766406134238 10.0076982201312763
1.0000000000000000 6.9008370290073193 10.0548119275171981
4.0000000000000000 2.2041520380519812 8.3446024541902712
3.0000000000000000 12.0851369221670328 2.2145944300942197
1.0000000000000000 7.2599423237408303 8.4693961347362841
3.0000000000000000 13.6227238978033629 2.3784621105859332
3.0000000000000000 10.9036920979576006 3.3522519419466441
3.0000000000000000 13.6894505086916389 4.5985092971411916
3.0000000000000000 13.5748316027578024 4.5493926543194796
3.0000000000000000 11.6078811945968017 1.9303883490743732
3.0000000000000000 13.6131500255184612 2.2928307221994770
1.0000000000000000 4.9892983063358223 10.6754407133585669
3.0000000000000000 12.7485655512950284 2.4887273777218910
5.0000000000000000 15.4130113962097965 10.7461244268875529
1.0000000000000000 6.7216121444930712 9.8627649699371567
1.0000000000000000 8.1593543416992595 10.6996887266793408
5.0000000000000000 14.0408849794648614 9.1754088388626371