1.0000000000000000 -0.9677882580995869 -1.0528394023560279
1.0000000000000000 -1.2744153765748683 -0.9764255638700633
1.0000000000000000 -1.5286488780440930 -0.7747575804459004
1.0000000000000000 -1.5504521508762665 -1.6858168659327606
1.0000000000000000 -0.8256330905868152 -1.0049693066966496
1.0000000000000000 -1.2137205681026779 -0.8148949336923276
1.0000000000000000 -0.7290426227617739 -0.6879960403955243
1.0000000000000000 -0.7582009931747964 -0.5963321568752372
1.0000000000000000 -0.5824500630471718 -0.7645349871021389
1.0000000000000000 -0.7202346603820645 -1.0602011311223032
1.0000000000000000 -1.1311767792228267 -1.2804756549963066
1.0000000000000000 -0.9716287234169698 -0.4152923973272261
1.0000000000000000 -0.8691882594002799 -0.6821802770308385
1.0000000000000000 -1.0382027728840908 -0.6002259470711926
1.0000000000000000 -1.4502599440507211 -0.5084924532575987
1.0000000000000000 -1.2104827053881970 -0.9974024827197390
1.0000000000000000 -0.1917888902958680 -0.9323149256582273
1.0000000000000000 -1.1934836979920664 -0.9440123205000845
1.0000000000000000 -1.5199137127321198 -0.8574135261782841
1.0000000000000000 -0.9417622681082329 -1.7505245654675823
1.0000000000000000 -1.1727896977374062 -0.6676873042118643
1.0000000000000000 -0.2841662266794506 -1.5516569892414538
1.0000000000000000 -0.7355745072606767 -0.9817520570764511
1.0000000000000000 -0.7801921416336155 -1.0440026275094176
1.0000000000000000 -1.2896024894795928 -1.9158817734665066
1.0000000000000000 -0.5560193441411441 -1.0862392363730975
1.0000000000000000 -1.3535012167616105 -0.8725242060709228
1.0000000000000000 -0.4511621086959613 -0.5013449375454574
1.0000000000000000 -1.9844905645134907 -1.6642764907007936
1.0000000000000000 -0.3347649929347496 -1.4000224356389026
1.0000000000000000 -1.3147149968299978 -0.4905121580143166
1.0000000000000000 -1.0825639613200329 -0.9843581757047086
1.0000000000000000 -1.0642951615822889 -1.2863080750362312
1.0000000000000000 -0.8605357558927744 -1.1015117261245728
1.0000000000000000 -0.8696089976056625 -1.2372421719096196
1.0000000000000000 -0.2766306911541835 -0.6970888621178444
1.0000000000000000 -1.0367808572546224 -0.7205297648280067
1.0000000000000000 -0.8872251420074149 -1.6869317695581929
1.0000000000000000 -0.7488359264797604 -1.7869384931523822
1.0000000000000000 -0.8831678249448706 -0.9901930847517117
1.0000000000000000 -1.1093244077279283 -1.1972802970435203
1.0000000000000000 -0.7316220396258635 -0.3249329115802603
1.0000000000000000 -1.4133859303739609 -1.1996049172029375
1.0000000000000000 -1.1723691108746646 -1.1664532298312638
1.0000000000000000 -0.7734275052277029 -1.3963921228051082
1.0000000000000000 -0.9864536354526824 -0.3619957679486940
1.0000000000000000 -0.7128059288171474 -0.4463011641082889
1.0000000000000000 -1.2267949961513647 -1.2006995488955905
1.0000000000000000 -1.3676218172810781 -1.2518960624352329
1.0000000000000000 -0.9852223311928506 -0.6788365482463616
1.0000000000000000 -1.0922024551989806 -1.5402639317686648
1.0000000000000000 -1.6476839913334540 -1.3560132076049993
1.0000000000000000 -1.0126084203654275 -1.2420615608741696
1.0000000000000000 -1.0351379445535562 -1.0602234393575880
1.0000000000000000 -1.6913430213766703 -0.0836125569238416
1.0000000000000000 -1.9319018575475881 -1.7819523977170788
1.0000000000000000 -1.2351822472690162 -1.7118295349833685
1.0000000000000000 -0.2708730972873765 -0.1095487883431415
1.0000000000000000 -0.8111117190478754 -0.9764188364807254
1.0000000000000000 -0.1053260427587875 -0.5049618549891115
1.0000000000000000 -1.4405830705757035 -1.5803137801946272
1.0000000000000000 -0.9642675088327978 -1.3116411592566708
1.0000000000000000 -1.5021610939168359 -1.0541037823615784
1.0000000000000000 -0.2381200934360912 -1.0030248233499122
1.0000000000000000 -1.5449132176459086 -0.4648426206711731
1.0000000000000000 -0.9204644697240990 -0.7430877041698152
1.0000000000000000 -0.7825008822479037 -1.1433687076913663
1.0000000000000000 -1.4715125743556607 -1.4095347146528558
1.0000000000000000 -0.4803730720747186 -1.0386076210095663
1.0000000000000000 -1.2965006816037909 -0.7671252911595814
1.0000000000000000 -1.5924181180088302 -0.8882553455460565
1.0000000000000000 -0.9460490812488109 -0.6386220007698575
1.0000000000000000 -1.0999080632319895 -1.5186927801489201
1.0000000000000000 -0.9798472373286280 -1.1575309714001722
1.0000000000000000 -1.2094492709418359 -0.5617011271723638
1.0000000000000000 -0.5108584914123534 -1.5210582444883058
1.0000000000000000 -0.9658054692741876 -0.7928464062341227
1.0000000000000000 -0.7288836287862365 -1.3761318290900570
1.0000000000000000 -1.6566051178321990 -0.7985475654595701
1.0000000000000000 -0.4776322922097799 -1.0092404309489431
1.0000000000000000 -1.2437454838653759 -0.2948731195473969
1.0000000000000000 -0.4519440248905348 -0.9478047979699197
1.0000000000000000 -1.4846600257706164 -0.8317696692200499
1.0000000000000000 -0.9517366149184393 -1.4751992142803330
1.0000000000000000 -2.1040588719346349 -1.4494915202600869
1.0000000000000000 -1.2811762679528831 -0.9188782453408597
1.0000000000000000 -0.6509425210952809 -2.0206426663624431
1.0000000000000000 -0.8827845000102028 -0.9617089271943587
1.0000000000000000 -0.4824774839673905 -1.1851281608756845
1.0000000000000000 -0.7856020016799037 -1.1399097183836331
1.0000000000000000 -1.5555964739763459 -1.0520361351668572
1.0000000000000000 -0.8076193910722986 -0.1499415854367343
1.0000000000000000 -1.0188385199426164 -1.5245939238758623
1.0000000000000000 -0.1947272541026038 -0.9408619710326988
1.0000000000000000 -0.7630789954882795 -1.1853674134050380
1.0000000000000000 -0.5592823478423778 -1.0861969472265183
1.0000000000000000 -0.7816132982512234 -0.8027543078964336
1.0000000000000000 -1.1981544257337060 -0.7164598248931378
1.0000000000000000 -0.6793157079608250 -0.8841094472176596
1.0000000000000000 -0.6457258029652870 -1.3446579697679306
1.0000000000000000 -0.5826326427473201 -1.2156553939823922
1.0000000000000000 -1.1038851396722109 -0.6795999032375308
1.0000000000000000 -1.6360600810989294 -1.2073444250540448
1.0000000000000000 -0.7152078810361899 -0.7779272981319230
1.0000000000000000 -1.2328136145964357 -0.6416938034538943
1.0000000000000000 -0.4529714610693972 -0.5607681387441351
1.0000000000000000 -1.2220129579336265 -1.7150344317158150
1.0000000000000000 -0.3750083804062684 -0.4761008296128728
1.0000000000000000 -0.1995815528043215 -1.0256511892323099
1.0000000000000000 -1.4476481558835506 -0.8564777947297165
1.0000000000000000 -0.7470343614457313 -1.2043755706478678
1.0000000000000000 -0.5576087629912477 -0.7485205989272776
1.0000000000000000 -0.8478982487273292 -1.5202605630868984
1.0000000000000000 -1.4133707260048916 -0.4349477459496754
1.0000000000000000 -1.5976289821192746 -1.7855952582425387
1.0000000000000000 -0.4518741275483689 -1.5009733578316868
1.0000000000000000 -0.8339982170101627 -1.4155251261044315
1.0000000000000000 -1.7061435312041888 -1.1977749049815274
1.0000000000000000 -1.5029220127182823 -0.7505137927451475
1.0000000000000000 -0.5423351219521971 -0.8861607403388115
1.0000000000000000 -1.2775231633498196 -0.9553167114675749
1.0000000000000000 -0.5660995789529211 -1.3166194731063952
1.0000000000000000 -0.5623546901433167 -1.0433746598057696
1.0000000000000000 -1.3514009860017140 -0.8708130655285380
1.0000000000000000 -0.4932596761655311 0.1022279416846215
1.0000000000000000 -0.6443192677893539 -1.1611545051582501
1.0000000000000000 -1.6888078335593355 -1.8597338036560824
1.0000000000000000 -0.8549696697173262 -1.4583295293543146
1.0000000000000000 -0.6357137949610709 -0.6934122647473633
1.0000000000000000 -0.5783029812981351 -0.4388554710974146
1.0000000000000000 -1.1965333807715852 -0.4801867540298328
1.0000000000000000 -0.5804264540213908 -0.4141335605754433
1.0000000000000000 -1.5845573702813454 -1.0132884321236124
1.0000000000000000 -1.4501174977910805 -0.5816824951905976
1.0000000000000000 -0.9398420181451893 -0.6723442757279678
1.0000000000000000 -1.0708389619574605 -0.8459762204617616
1.0000000000000000 -1.1974150611181451 -0.6302476504913025
1.0000000000000000 -0.5790563341176634 -1.3051164328123694
1.0000000000000000 -0.6420563772400569 -1.2523582817381935
1.0000000000000000 -1.2741767463599225 -1.0574930148939856
1.0000000000000000 -1.2662631629774519 -1.2555493658773169
1.0000000000000000 -0.4170761442938659 -1.1628066654148272
1.0000000000000000 -0.7678025287521726 -0.4458305762269307
1.0000000000000000 -1.2134922165758766 -1.2299448045003611
1.0000000000000000 -1.5806436091060170 -0.8284090789803346
1.0000000000000000 -0.8950089955653799 -1.7314391615750528
1.0000000000000000 -1.2345657567757642 -0.6925502884047200
1.0000000000000000 -1.4924160772088886 -1.3705481685511798
1.0000000000000000 -1.0466532421114980 -1.9905912630533051
1.0000000000000000 -1.0009668260875293 -1.2679114227969714
1.0000000000000000 -0.9531081937866890 -1.1038013891874323
1.0000000000000000 -1.2850980969239489 -0.6242314694364618
1.0000000000000000 -0.9525443160612802 -0.8097659573323717
1.0000000000000000 -0.9769519216854171 -1.2235639201204125
1.0000000000000000 -1.0398816091031615 -0.9292757508227738
1.0000000000000000 -0.9602351238035290 -1.1003604855409808
1.0000000000000000 -1.1613664111200253 -1.0704372797619339
1.0000000000000000 -0.4019114793432788 -0.4905027776260422
1.0000000000000000 -0.7556285763998469 -0.6392327227548518
1.0000000000000000 -1.3580335716971095 -1.7633053101176057
1.0000000000000000 -0.3146640701270653 -0.2753718904727682
1.0000000000000000 -1.8266843708817635 -0.7743426104014296
1.0000000000000000 -1.2123435942813452 -1.0990722616166011
1.0000000000000000 -0.6398036735968080 -1.2980238650362570
1.0000000000000000 -0.2149189706629293 -0.8949211590067011
1.0000000000000000 -1.2673388726990853 -0.9759741641251531
1.0000000000000000 -0.0676050968287507 -1.4109531643184594
1.0000000000000000 -0.3064031498120895 -1.0046704821193360
1.0000000000000000 -0.5793908820126816 -0.8924083167967595
1.0000000000000000 -1.0803008667011613 -0.7536906884133037
1.0000000000000000 -0.9770913813749285 -0.5774959904268328
1.0000000000000000 -0.1910918894988057 -0.2708616285090306
1.0000000000000000 -0.3788037232752058 -0.0879159700673935
1.0000000000000000 -0.8587619111390988 -1.3425777657574032
1.0000000000000000 -0.9157840758827495 -1.4326551038381248
1.0000000000000000 -0.3028463734962600 -0.2464223474922005
1.0000000000000000 -0.7049489009771265 -1.5663908587805282
1.0000000000000000 -0.9799375964165771 -1.3503650299456003
1.0000000000000000 -0.9168742966880759 -0.5166285837358432
1.0000000000000000 -0.7572743905950836 -1.6270870299116464
1.0000000000000000 -1.2626604370801491 -0.7407405116496981
1.0000000000000000 -1.1886351098852392 -0.5839331990851773
1.0000000000000000 -1.3470313279124855 -1.5670312425095605
1.0000000000000000 -0.8432256599871643 -0.5980634127272335
1.0000000000000000 -1.0805002564289694 -1.7854245272045284
1.0000000000000000 -0.7872225567696610 -1.2315616764263895
1.0000000000000000 -1.5434272965458717 -1.1473215759251238
1.0000000000000000 -1.3266110347496052 -1.2118623182758512
1.0000000000000000 -0.5669000354546359 -0.7409936443543771
1.0000000000000000 -0.8643768645245229 -0.8976047161187350
1.0000000000000000 -0.3456331489788802 -0.4610134151660910
1.0000000000000000 -0.5262234707475408 -1.3913646068011150
1.0000000000000000 -1.0029788153514241 -1.2147006927883033
1.0000000000000000 -0.7642429799261403 -0.3280709603721498
1.0000000000000000 -1.0331573149762294 -0.8093515027386837
1.0000000000000000 -1.1357152181803858 -0.9233512695908518
1.0000000000000000 -1.4276099634398025 -1.1119745403502606
1.0000000000000000 -0.7162635922355769 -0.3019081655121419
1.0000000000000000 -0.6800885091425001 -0.0120200858725008
1.0000000000000000 -1.0971411478318587 -1.5601227711863785
2.0000000000000000 1.1087558210957371 0.9399480972867795
2.0000000000000000 1.5631131427628129 1.1831977289348963
2.0000000000000000 1.1920578400070023 0.6579256062611967
2.0000000000000000 -0.1980863617024207 1.0493257126430238
2.0000000000000000 0.6546028844587887 0.6137523486823749
2.0000000000000000 0.7950337291268433 0.1311488041011458
2.0000000000000000 0.8864177785038035 0.8059453467800467
2.0000000000000000 1.5676035448534205 0.7167280236356627
2.0000000000000000 1.9106680767151301 0.9148687236044217
2.0000000000000000 1.2140616064591092 0.3905930779061263
2.0000000000000000 1.4148706404457783 1.4548614599974510
2.0000000000000000 1.5535721076518714 0.5394531431764881
2.0000000000000000 0.7708907141296051 0.8824030694855961
2.0000000000000000 0.6921045063659332 0.7941227109660628
2.0000000000000000 1.0625886015050661 1.2441374838235384
2.0000000000000000 1.2415161676148094 0.6309725413726478
2.0000000000000000 0.4671034838656314 1.0378803648497275
2.0000000000000000 1.3510723560022306 1.4772439802994217
2.0000000000000000 0.9047575351144442 0.8697688982732397
2.0000000000000000 0.7337437220101027 0.7437568609457995
2.0000000000000000 1.4588730520712496 1.3060690015727834
2.0000000000000000 1.0499921349887269 0.9625174164412266
2.0000000000000000 0.8509786259334763 1.7772924428032275
2.0000000000000000 0.8547437261373757 1.0180414894017569
2.0000000000000000 0.8439372388554056 0.0642355020669773
2.0000000000000000 1.4490428758413056 1.4101696941469797
2.0000000000000000 0.2057387061101736 1.0901458493165788
2.0000000000000000 0.7861424789720638 0.4751635082773985
2.0000000000000000 0.1292504561564293 0.4960502958455717
2.0000000000000000 1.4323893025634646 1.4563624943656612
2.0000000000000000 0.3717866643673676 0.4130405076515085
2.0000000000000000 0.6296732576813084 0.6559071485022433
2.0000000000000000 0.5582180874152936 0.9838869967542601
2.0000000000000000 1.4688922224171501 0.6094290846356589
2.0000000000000000 0.9712070262482771 1.0923835569105602
2.0000000000000000 0.8938561681968442 0.9478489305035936
2.0000000000000000 0.7357575587982657 1.6876237696591709
2.0000000000000000 1.3752013558475777 1.2807540489556559
2.0000000000000000 0.3733261444395903 0.5722740929771362
2.0000000000000000 0.7026949896944555 1.3055032211808224
2.0000000000000000 1.2695556282705103 0.8504645037802769
2.0000000000000000 0.2712043201984204 1.2728644708910808
2.0000000000000000 1.0068461781846945 0.3305326260944840
2.0000000000000000 0.7870619594197472 1.3969361189761900
2.0000000000000000 1.7805290406385970 1.3727809970927067
2.0000000000000000 1.5074832246773417 1.3884430416438218
2.0000000000000000 1.0065882726516597 0.8187156109715623
2.0000000000000000 1.1528659710614984 1.3573550299562549
2.0000000000000000 0.8841999119143295 0.9369822336092274
2.0000000000000000 2.4108103342717637 1.4889388356070759
2.0000000000000000 0.9128418172208712 0.6900873199372872
2.0000000000000000 0.0991061351691462 1.0994574210188859
2.0000000000000000 0.7354247193183451 0.9009796055220316
2.0000000000000000 0.7967951399378994 1.2879562072550081
2.0000000000000000 0.2870164828458023 1.1357406693454557
2.0000000000000000 1.1254207351308940 0.6148054447730225
2.0000000000000000 1.6222924810639707 0.5990039454893108
2.0000000000000000 0.7693470683467754 0.4997017222445008
2.0000000000000000 0.4205110114829196 0.4492075011206185
2.0000000000000000 0.6708450236749270 0.4450693159960535
2.0000000000000000 1.1468848431412508 0.6719022699027094
2.0000000000000000 0.9425565252786232 0.9535109346261930
2.0000000000000000 0.1243872888079910 0.4605445143622480
2.0000000000000000 1.2513657743200288 1.4784932643657624
2.0000000000000000 1.2606573747358014 1.2047022305098363
2.0000000000000000 0.1910854132054929 1.2891560463335572
2.0000000000000000 1.0738889175562745 1.2094348959200576
2.0000000000000000 1.3377684692511189 1.3627248421518650
2.0000000000000000 1.2528036202804720 1.3098947880557339
2.0000000000000000 0.8115472179938065 0.5342039526499274
2.0000000000000000 1.4069470882645112 0.7949373294805151
2.0000000000000000 0.4126205189965328 0.8152865808089582
2.0000000000000000 0.1174621613399832 0.7049179001740615
2.0000000000000000 1.4517156900621895 1.4744019946510467
2.0000000000000000 1.0488176954574069 0.8845888786390197
2.0000000000000000 1.3052738679905835 0.6170672934087820
2.0000000000000000 0.6000909735825585 1.0493513132645920
2.0000000000000000 1.7215991914569346 1.2934027752966777
2.0000000000000000 0.7361445216141131 2.0107362481081217
2.0000000000000000 1.2970594778511810 1.6770538313635699
2.0000000000000000 0.4963418091824511 1.1289498200678507
2.0000000000000000 0.5542954024949238 1.3525972168114722
2.0000000000000000 0.5944497699843303 0.7916214468925712
2.0000000000000000 0.8741127156234553 0.2095437326333095
2.0000000000000000 1.2006633286924218 1.5345977488874238
2.0000000000000000 1.4551799456888619 1.1692837038767396
2.0000000000000000 1.4466828131243403 1.8031725780448782
2.0000000000000000 1.2682846962933649 1.5030229117609806
2.0000000000000000 1.2630047080128288 1.4328226231598209
2.0000000000000000 0.8845957077663490 0.8216522410281372
2.0000000000000000 0.7325433004891116 1.3139272340003578
2.0000000000000000 0.9640607593020331 0.8202686519903494
2.0000000000000000 1.2405109513956376 1.1774032563661954
2.0000000000000000 0.7338037952489205 0.9055424581725048
2.0000000000000000 1.7476405525615344 1.3275587574902745
2.0000000000000000 1.7047977396166121 2.1915927616502957
2.0000000000000000 1.3490916169918945 1.0249018645004133
2.0000000000000000 1.2327726674028594 0.8846022693012737
2.0000000000000000 0.6097200165464121 1.4720609823534645
2.0000000000000000 -0.0902138036341316 0.4358117446999326
2.0000000000000000 0.6388789049906063 0.8945003879962138
2.0000000000000000 0.3925795086727355 0.3138291509591234
2.0000000000000000 1.3443524998823302 1.2248013486990583
2.0000000000000000 1.7283537645372227 1.4050591628426183
2.0000000000000000 1.1309192447401679 1.2792792718062642
2.0000000000000000 0.8160271110685402 0.9522675066804061
2.0000000000000000 0.5484558770596650 1.1520113832950827
2.0000000000000000 0.7550162294883842 0.7265031555381070
2.0000000000000000 1.3133534006677805 0.3304465985565226
2.0000000000000000 0.9868769816287744 0.7554073701437731
2.0000000000000000 1.8408424424774261 1.5575410232283007
2.0000000000000000 0.6123005400340921 1.5542873704840816
2.0000000000000000 -0.2055048368387362 1.0968477037391495
2.0000000000000000 1.0638701759735112 0.7746725962488296
2.0000000000000000 0.5405038493455075 1.0360963347278442
2.0000000000000000 1.2361753709127807 0.5877052657367507
2.0000000000000000 1.0669443370833223 1.2768221470410948
2.0000000000000000 1.6821090109795178 1.3493721561734979
2.0000000000000000 0.1785382808738799 0.1345977991593923
2.0000000000000000 1.2031451090445011 0.9160678181153855
2.0000000000000000 1.3105934080436374 1.7863982712520152
2.0000000000000000 0.4180629027984960 -0.0126106603238325
2.0000000000000000 1.4745187153918671 0.8345156410074193
2.0000000000000000 1.9921950592277309 0.5673507791318821
2.0000000000000000 1.0892195922830092 0.5671740483595251
2.0000000000000000 1.4652834603992808 0.4002047637509919
2.0000000000000000 1.0860203625341058 1.1814668711275940
2.0000000000000000 0.3213418090327625 0.4249576527529937
2.0000000000000000 1.2555199305651006 1.1064371771958921
2.0000000000000000 0.7715522156624259 1.2158057382334895
2.0000000000000000 0.8487033641533149 0.8229693478557177
2.0000000000000000 1.2166595309057699 1.3259539091617483
2.0000000000000000 1.3525497943059119 0.9964981878181152
2.0000000000000000 0.2593957733663499 0.6901318005548824
2.0000000000000000 1.7272591634083594 1.3299498881188299
2.0000000000000000 1.3100949042541621 1.5017554570872638
2.0000000000000000 0.8932151983514813 0.8249198507748549
2.0000000000000000 1.4314432250073084 1.8211388702927791
2.0000000000000000 0.5689243159666129 0.3534550394302913
2.0000000000000000 1.0242201310832897 0.0860432296255503
2.0000000000000000 1.3924727222953670 1.1957840383345431
2.0000000000000000 0.8385527335291072 -0.0454126406059641
2.0000000000000000 0.8892185588387413 -0.2823505803510045
2.0000000000000000 0.6063309026318731 0.8313748645553831
2.0000000000000000 1.1285260911146680 1.0816112234125068
2.0000000000000000 0.8693014933958082 0.7858892484715936
2.0000000000000000 0.9134983769831454 0.8223038653585233
2.0000000000000000 1.7671099581528584 1.3885630022354021
2.0000000000000000 1.2251061144059507 0.8495071422169899
2.0000000000000000 0.7474157009321140 0.9881826752039777
2.0000000000000000 1.2126071679402910 0.8716374984469193
2.0000000000000000 0.1357251750811168 0.5741162128329462
2.0000000000000000 0.1897858182945146 1.5560287439158924
2.0000000000000000 0.7220651215694356 1.7451015871105335
2.0000000000000000 0.5535004078811226 0.9664871931246626
2.0000000000000000 0.7977013716167635 1.2942362472296356
2.0000000000000000 1.3792206208797513 1.6379421419202496
2.0000000000000000 1.1482184918978082 0.3505923840564019
2.0000000000000000 0.1793303209421704 -0.2531735541165836
2.0000000000000000 0.8506954884394740 1.4759910381163337
2.0000000000000000 1.8298482950179928 1.2268977817221884
2.0000000000000000 0.6593263133578977 0.2904584303912933
2.0000000000000000 -0.2478086488560569 0.9870304651767396
2.0000000000000000 0.0200103568069895 1.0718069637022081
2.0000000000000000 0.4460252702868189 1.6806046009639211
2.0000000000000000 1.3099707893385628 0.9834717489228317
2.0000000000000000 0.7187335235887438 0.8392064394673076
2.0000000000000000 1.1036946095404887 0.5328159062602998
2.0000000000000000 0.9140728865513061 -0.1410078940716162
2.0000000000000000 0.7900896705578530 0.6401976713610574
2.0000000000000000 1.6578718728652047 1.6571782678012066
2.0000000000000000 0.3446807692816791 0.3681557642180744
2.0000000000000000 0.3900621532128812 0.9480686455808559
2.0000000000000000 0.8587721931132468 0.3228408180684724
2.0000000000000000 1.4121554887324956 1.7307040478021829
2.0000000000000000 1.5096320410565629 1.6809121962010516
2.0000000000000000 0.0943870545404016 0.4003762249076754
2.0000000000000000 1.2504228813610725 0.6051007387480593
2.0000000000000000 0.6320847515607574 1.3266289869816299
2.0000000000000000 0.8657445082897623 1.4274127072924145
2.0000000000000000 0.1224511781185568 1.1759595130020202
2.0000000000000000 0.8220814275855893 0.9670640176747627
2.0000000000000000 0.6008745161047535 1.0354833812881235
2.0000000000000000 0.6518764717561365 1.1155859970633015
2.0000000000000000 1.6456213083622528 0.9751700466459630
2.0000000000000000 1.5157132680993355 1.9753830483426107
2.0000000000000000 1.2369532489017117 0.6549019788048223
2.0000000000000000 0.4545439224192255 0.5439103039103513
2.0000000000000000 0.4444860876354041 0.8738382360985042
2.0000000000000000 1.1299806663639476 1.0677929038523855
2.0000000000000000 0.1215289903793066 0.3112958109053487
2.0000000000000000 0.9560698829886983 0.4356215710151626
2.0000000000000000 0.6555788328122180 0.5960706237377917
2.0000000000000000 1.1639541768775170 0.8812875965795306
2.0000000000000000 0.4583210742672319 0.8544998126823116
2.0000000000000000 0.9164918214579905 0.4161758700056843
2.0000000000000000 0.1957189490271658 0.4928707512280237
2.0000000000000000 1.0297331481053436 0.8018071563672818
2.0000000000000000 0.8939576397781336 0.5116337290125597
2.0000000000000000 0.2185837719352023 1.2352990741321168
