1.0000000000000000 0.9081478546200452 0.0472495840152077
1.0000000000000000 1.0257410880882254 0.1476718278837752
1.0000000000000000 1.0624712654222368 0.0166480712815988
1.0000000000000000 0.9676758673676249 0.0160422868811104
1.0000000000000000 0.9990790898546537 -0.0762325098973323
1.0000000000000000 1.0276071374110762 -0.0376343883073703
1.0000000000000000 1.0681761389156457 0.0585436470155874
1.0000000000000000 1.0047458030611101 0.1804349015930435
1.0000000000000000 0.9937829767305425 0.0571429934867647
1.0000000000000000 1.0203713951336335 0.0899574513115507
1.0000000000000000 1.1248697416197451 0.2109392689364781
1.0000000000000000 0.9284473496651247 0.0666026805648075
1.0000000000000000 1.1329718903200030 0.0754842811091664
1.0000000000000000 1.0920665539210492 -0.0489047043658532
1.0000000000000000 0.9970583380320653 0.0749033418928769
1.0000000000000000 1.0753631156869286 0.1174773526664207
1.0000000000000000 1.0389704799038251 0.1592448572596389
1.0000000000000000 1.0132647004751671 -0.0139033868251879
1.0000000000000000 0.9105592961558847 0.0195509000758248
1.0000000000000000 0.9970950064197738 0.1624257325279649
1.0000000000000000 0.9319717493061249 -0.0041179243932183
1.0000000000000000 0.8627795185736741 -0.0373492023158718
1.0000000000000000 1.0691427957738238 0.0494634226522224
1.0000000000000000 0.9330903044381583 0.1136645300155513
1.0000000000000000 0.9980697915230987 0.0644886325994596
1.0000000000000000 0.9608376441328657 0.0144016724645122
1.0000000000000000 0.9940433826071717 0.1920595983039289
1.0000000000000000 1.1594926327704298 0.1204008928322066
1.0000000000000000 0.8183958158038667 0.2345541082056024
1.0000000000000000 0.9953918622774592 0.1746918127122626
1.0000000000000000 0.8851151463668058 0.0597671843103597
1.0000000000000000 0.9813952943846336 0.0727579612999737
1.0000000000000000 0.9214484091579969 0.2081221041893083
1.0000000000000000 0.9545184801726944 0.1311295860130228
1.0000000000000000 0.9358792123443618 0.0155279699855894
1.0000000000000000 0.9311462464530833 0.0146518449164279
1.0000000000000000 0.9305357746762901 0.1265752617673019
1.0000000000000000 1.0219827281492824 0.1256568152395821
1.0000000000000000 0.9254340162882767 0.1151119432380812
1.0000000000000000 0.9142372973672803 0.1824508853071372
1.0000000000000000 0.9014450330151288 0.1394680316990990
1.0000000000000000 0.9858641591362665 0.0736665905772625
1.0000000000000000 0.9086451204884720 0.0733657711109350
1.0000000000000000 1.0840872605800083 0.1112805811624347
1.0000000000000000 0.9434478484298943 0.1248258634470777
1.0000000000000000 1.0796704877270378 0.2572819641224544
1.0000000000000000 0.9152699039772493 0.1442316539085315
1.0000000000000000 1.0455373408064494 0.2248279870622257
1.0000000000000000 0.9065930803516746 0.0469771233626752
1.0000000000000000 0.9228349602318453 0.1584227646719910
1.0000000000000000 1.0980626780297404 0.2086870243072483
1.0000000000000000 1.0415276259327750 0.2758316035551831
1.0000000000000000 1.0567858178259695 0.1814812639565621
1.0000000000000000 0.9233563951993202 0.0614207099863876
1.0000000000000000 0.9051876270669746 0.0937801022767737
1.0000000000000000 1.0687545056225169 0.0499206942526443
1.0000000000000000 0.9685992562661473 0.1301625259610940
1.0000000000000000 0.9708287544843239 0.1689434926671126
1.0000000000000000 0.9949809794363913 0.1925262860881226
1.0000000000000000 0.9666063148732602 0.2219450634766104
1.0000000000000000 1.0502709219676913 0.1757266480928950
1.0000000000000000 0.9657682791153581 0.1624717936643807
1.0000000000000000 0.9829660652282123 0.1877991389639044
1.0000000000000000 0.9537644425119254 0.3291960064204198
1.0000000000000000 1.0385035604877366 0.2786973803253335
1.0000000000000000 1.1440803524899854 0.2197210933381679
1.0000000000000000 0.9263403514568141 0.1022161309902972
1.0000000000000000 0.9841416963768098 0.1964258539777081
1.0000000000000000 0.9358314647993060 0.1417633421147535
1.0000000000000000 0.8812738605502728 0.1459794158655557
1.0000000000000000 0.9585712691783230 0.1060570796205132
1.0000000000000000 0.9719277723715998 0.2180506989597861
1.0000000000000000 0.9668741092480881 0.2461546814477747
1.0000000000000000 0.8964434569597295 0.3468649225304837
1.0000000000000000 1.0126244597091405 0.0530186660847904
1.0000000000000000 1.0275368139962373 0.2043338574707395
1.0000000000000000 0.9635621814575760 0.2618989150537901
1.0000000000000000 1.0455717067230363 0.3023298246929176
1.0000000000000000 1.0022632566298935 0.2309058706603445
1.0000000000000000 1.0693628210622526 0.3454647378154629
1.0000000000000000 1.0218296217961786 0.2707785081743311
1.0000000000000000 0.9483862255948644 0.4135905971764110
1.0000000000000000 0.9540866847377807 0.3284802230712415
1.0000000000000000 1.0171461771033006 0.1727255360318043
1.0000000000000000 0.9719289165603350 0.3087736325292384
1.0000000000000000 0.9380573757367625 0.2979991260725667
1.0000000000000000 1.0136676349079321 0.3786921960297014
1.0000000000000000 1.0497670980065996 0.2741726034701918
1.0000000000000000 0.9038261239369921 0.2261137297575020
1.0000000000000000 1.0084582855013751 0.2465658699797783
1.0000000000000000 0.9622006740737866 0.3162930258030196
1.0000000000000000 0.9442780473253183 0.2238980671884777
1.0000000000000000 0.9493465554946217 0.3116854563919710
1.0000000000000000 0.8839468660862168 0.1916969140514340
1.0000000000000000 0.8093608116790546 0.2045069345857017
1.0000000000000000 0.9551226675932011 0.3937441394486850
1.0000000000000000 0.9750642475211444 0.3180079743153891
1.0000000000000000 0.8639867802018251 0.3559420585628973
1.0000000000000000 1.0590643072969184 0.2200993214924609
1.0000000000000000 1.1007899043667848 0.3569802429685591
1.0000000000000000 1.0253068405920351 0.2315718485121919
1.0000000000000000 0.9317601890525469 0.2397762999060679
1.0000000000000000 0.8555070157226379 0.3817306397198140
1.0000000000000000 0.9155033787317943 0.3145191688776622
1.0000000000000000 0.9711162293096982 0.3272143296921420
1.0000000000000000 0.9747859906904205 0.3620170350918631
1.0000000000000000 0.9672699639329632 0.3782119786814518
1.0000000000000000 1.0152201664516192 0.3060272177908208
1.0000000000000000 0.9721179783552819 0.3567397604033999
1.0000000000000000 0.9223360603930109 0.3193081566394454
1.0000000000000000 1.0436692459603949 0.2796913647680443
1.0000000000000000 0.9357438918945599 0.3555882345612105
1.0000000000000000 0.9497300713559935 0.2485666911893412
1.0000000000000000 0.9336858146997490 0.2871373035627997
1.0000000000000000 0.8511862108156603 0.3098639913620117
1.0000000000000000 0.9791380056542510 0.2103321757437822
1.0000000000000000 0.9650697258490417 0.3469948707726315
1.0000000000000000 0.9244620459858741 0.3323847540715955
1.0000000000000000 1.0271479302542532 0.4430176892169743
1.0000000000000000 0.8674585757539888 0.2655250117905570
1.0000000000000000 0.9993316534312262 0.4861268877480934
1.0000000000000000 0.9685193322253899 0.4718335483575332
1.0000000000000000 0.8808873249274988 0.3395063888271502
1.0000000000000000 1.0330122229005247 0.2219298715555056
1.0000000000000000 1.0575807673838327 0.3584756589052799
1.0000000000000000 0.7926817336546437 0.4273579313180988
1.0000000000000000 0.9048344744115927 0.3200543898793158
1.0000000000000000 0.8923123234885701 0.3391901043741559
1.0000000000000000 0.9340478956546172 0.4238354119351977
1.0000000000000000 0.8302562713815314 0.3892738893271508
1.0000000000000000 1.0141044604157401 0.3982384690972888
1.0000000000000000 0.9124933729947383 0.4975544091376899
1.0000000000000000 0.9989805284755652 0.4067614301450069
1.0000000000000000 0.8647676346653776 0.3865385476584084
1.0000000000000000 0.9001839876808039 0.3363251621701665
1.0000000000000000 0.8920210505312682 0.5540465674236428
1.0000000000000000 0.8548833504799218 0.3923928885786641
1.0000000000000000 0.9146535782099379 0.4292255710300779
1.0000000000000000 0.9868679947450316 0.3169813383687363
1.0000000000000000 0.8904875402801959 0.5690093478787890
1.0000000000000000 0.9071486502958883 0.4229963378540993
1.0000000000000000 0.8902092843683918 0.4258862058415666
1.0000000000000000 0.7796106653556285 0.4393838081666844
1.0000000000000000 0.8862074584639210 0.3943268484179212
1.0000000000000000 0.7762053785848400 0.4159525155525757
1.0000000000000000 0.8348179127628897 0.4356896072948968
1.0000000000000000 0.8149425230571760 0.4952229484243297
1.0000000000000000 0.9359688206347802 0.3484684325998648
1.0000000000000000 0.9211441803220934 0.4545229931905645
1.0000000000000000 0.9075443352174604 0.5013119584265238
1.0000000000000000 0.8472041279642872 0.5528107976924501
1.0000000000000000 0.8036963267175747 0.4535989370340949
1.0000000000000000 0.9466008882283933 0.4206549833666073
1.0000000000000000 0.9147493859755943 0.4514827088218723
1.0000000000000000 0.8864943473194317 0.4231278241651636
1.0000000000000000 0.8067996843136448 0.4410457534989274
1.0000000000000000 0.8033493357922261 0.6379669209397698
1.0000000000000000 0.9356501372310778 0.3350305219569334
1.0000000000000000 1.0923243893844956 0.6273355322166594
1.0000000000000000 1.0435653556622697 0.4517530429049644
1.0000000000000000 0.9032397037099564 0.3543752404064318
1.0000000000000000 0.8401417704794690 0.4782404908070886
1.0000000000000000 0.9127848950659034 0.4599332503651397
1.0000000000000000 0.8078956504463826 0.5385635472408793
1.0000000000000000 0.7734742080983515 0.4545600540435306
1.0000000000000000 0.9819050417240308 0.5139392141444005
1.0000000000000000 0.9509002327315388 0.4381129230287518
1.0000000000000000 0.9667390528083303 0.5343635851307142
1.0000000000000000 0.7549021168013691 0.6153324645762096
1.0000000000000000 0.8377092454712102 0.4043880616439651
1.0000000000000000 0.8151528971704290 0.5766354503320522
1.0000000000000000 0.9039056357481352 0.4218780744530269
1.0000000000000000 0.8848997037044732 0.5258893029772950
1.0000000000000000 0.7622750078772037 0.4166044546088892
1.0000000000000000 0.7169512534397557 0.3912488242681869
1.0000000000000000 0.8257915836054681 0.5208541964347834
1.0000000000000000 0.7939502992638184 0.4488515605360403
1.0000000000000000 0.8843220860480627 0.5564135526450753
1.0000000000000000 0.9983498164645940 0.5899340720117334
1.0000000000000000 0.9919985188737800 0.5201219292311580
1.0000000000000000 0.8574744923051322 0.3993453242932938
1.0000000000000000 0.7980706963083448 0.5705053702254814
1.0000000000000000 0.9978076667168455 0.5872685292511594
1.0000000000000000 0.8344744801374833 0.4977415347851833
1.0000000000000000 0.8464299465372702 0.4523903687198765
1.0000000000000000 0.7465326275790183 0.5707322751816674
1.0000000000000000 0.8001476901487768 0.5154021407585945
1.0000000000000000 0.8476544588766588 0.4634983334829702
1.0000000000000000 0.8202985510338414 0.5516430511473742
1.0000000000000000 0.9018232423120318 0.5460001318294240
1.0000000000000000 0.8222967479807448 0.5666446437829410
1.0000000000000000 0.7290205738337746 0.6231983984600771
1.0000000000000000 0.7556051643473960 0.5203057208119560
1.0000000000000000 0.8268874629226641 0.4542718783536669
1.0000000000000000 0.9095401489709057 0.4738574282968158
1.0000000000000000 0.8402571741963262 0.6145073681432610
1.0000000000000000 0.8305805238543720 0.5431410306689761
1.0000000000000000 0.8197020867652349 0.4971464662343539
1.0000000000000000 0.8303096824977947 0.5702832737405301
1.0000000000000000 1.0045471431966342 0.6941863283067488
1.0000000000000000 0.7971482260004319 0.6799261535986669
1.0000000000000000 0.9019814607836781 0.5118616975854543
1.0000000000000000 0.8124001099434246 0.5784310694717051
1.0000000000000000 0.7991355194582348 0.5730127196750030
1.0000000000000000 0.7183902916577204 0.4335617154592133
1.0000000000000000 0.7564580193081345 0.6162251619759261
1.0000000000000000 0.8584318278142647 0.6819434717822282
1.0000000000000000 0.9106253276665911 0.5429397621359104
1.0000000000000000 0.8894342683391736 0.7122974406526479
1.0000000000000000 0.8482325690471135 0.6701024969947020
1.0000000000000000 0.7771727492285077 0.6175962338768006
1.0000000000000000 0.8026838423747167 0.5523004059426296
1.0000000000000000 0.8759580996047072 0.7172265913269764
1.0000000000000000 0.8056279449382142 0.5917704586270576
1.0000000000000000 0.7369504805819549 0.5653195212056311
1.0000000000000000 0.8969713467718193 0.6645162948927466
1.0000000000000000 0.8536772970512423 0.7147948165594449
1.0000000000000000 0.7940142728925117 0.5334493698265742
1.0000000000000000 0.8168249540444490 0.7303686447582116
1.0000000000000000 0.7510495501518613 0.6168277933585822
1.0000000000000000 0.7385994568615245 0.6130508182385226
1.0000000000000000 0.9172669501455437 0.8057734147086437
1.0000000000000000 0.7668717334178393 0.6228051813541323
1.0000000000000000 0.7519074482027256 0.6807112321042607
1.0000000000000000 0.8020469179808976 0.5933142076690280
1.0000000000000000 0.7340864364559202 0.7116321904675981
1.0000000000000000 0.8978715065868136 0.5933786281756748
1.0000000000000000 0.7730397672518788 0.6600227549821926
1.0000000000000000 0.6532496321626398 0.6948078817909993
1.0000000000000000 0.7932732195520836 0.6421080920176704
1.0000000000000000 0.8480915202665630 0.7186019769871353
1.0000000000000000 0.7987379320718518 0.6933480565495325
1.0000000000000000 0.8068038599564170 0.7155768204242673
1.0000000000000000 0.6937151278589027 0.5854627725931695
1.0000000000000000 0.6992991807279062 0.8674129317955275
1.0000000000000000 0.6601624313403021 0.7552226634392408
1.0000000000000000 0.7518821602934069 0.6106679047602125
1.0000000000000000 0.7671184936360341 0.6675030143672479
1.0000000000000000 0.7629664420728635 0.6493558940971557
1.0000000000000000 0.9236230918106412 0.7320458222060560
1.0000000000000000 0.7017697600855812 0.6138333334107102
1.0000000000000000 0.6295910897858794 0.7785655362830701
1.0000000000000000 0.7147275303480811 0.7586648524783075
1.0000000000000000 0.7022495544624794 0.6836642821046132
1.0000000000000000 0.6912952948513237 0.6950473505300057
1.0000000000000000 0.8190158384078624 0.7581633203209003
1.0000000000000000 0.6203841023534420 0.7631824247550796
1.0000000000000000 0.7182437677969242 0.7317262967518150
1.0000000000000000 0.8309513337967978 0.7027286704036126
1.0000000000000000 0.7281745206491684 0.6740752892067319
1.0000000000000000 0.6034089644963897 0.7378108549359024
1.0000000000000000 0.6501270466994498 0.6706987359237579
1.0000000000000000 0.8054079361288157 0.7718025539470125
1.0000000000000000 0.7045486311593461 0.8629281269964605
1.0000000000000000 0.7989967927617143 0.6152101023108882
1.0000000000000000 0.6206569126357797 0.8060455329629777
1.0000000000000000 0.6840252433527397 0.8302360229815028
1.0000000000000000 0.6883918275945561 0.7333497960177527
1.0000000000000000 0.7071732121660667 0.7189268212722792
1.0000000000000000 0.7067129442385753 0.7570188409165042
1.0000000000000000 0.7966208604259490 0.7580110078792693
1.0000000000000000 0.6332907821531161 0.6596080287438890
1.0000000000000000 0.6017215519156021 0.8194951860478045
1.0000000000000000 0.5916738431227291 0.7320861955405543
1.0000000000000000 0.7202547096421691 0.8662432963051196
1.0000000000000000 0.6169948685651455 0.6668291554021073
1.0000000000000000 0.6939567851304754 0.6680244023537404
1.0000000000000000 0.7199142025263684 0.6927516903041596
1.0000000000000000 0.6673805477049762 0.7173012609685342
1.0000000000000000 0.7888525736579177 0.7795830462125337
1.0000000000000000 0.5957804558408539 0.5884833521140265
1.0000000000000000 0.6885328385608537 0.7670283491990924
1.0000000000000000 0.6532167716977973 0.7895338335508832
1.0000000000000000 0.6204789769837720 0.7315367830862386
1.0000000000000000 0.7551168423290116 0.6971617705611993
1.0000000000000000 0.7735528420669445 0.7007456187878331
1.0000000000000000 0.5789046685988427 0.7813299315028562
1.0000000000000000 0.6934878136963809 0.7720901738128660
1.0000000000000000 0.6297935581852505 0.6615111420913307
1.0000000000000000 0.5275515011720286 0.6578160082030733
1.0000000000000000 0.6039033125579457 0.7098909631563299
1.0000000000000000 0.6516948622384285 0.7062395586187767
1.0000000000000000 0.5586394199563979 0.9144009285036272
1.0000000000000000 0.7747083543070270 0.7623335370754248
1.0000000000000000 0.5555576049987039 0.8190380509330462
1.0000000000000000 0.6851681433396735 0.8870076834552653
1.0000000000000000 0.5706390645612497 0.8639660772951789
1.0000000000000000 0.6118423792435511 0.8140456293622466
1.0000000000000000 0.4937120814161156 0.9735520776783878
1.0000000000000000 0.5308694327812008 0.8880913021851241
1.0000000000000000 0.6175786382908405 0.8068524140827317
1.0000000000000000 0.6200560954647919 0.9321358074206909
1.0000000000000000 0.7046787277416857 0.7641546517853695
1.0000000000000000 0.6374479353243697 0.8481115672731360
1.0000000000000000 0.5658071313365094 0.8498833820344811
1.0000000000000000 0.6540700323403255 0.7403511369819241
1.0000000000000000 0.5267123444859961 0.7865477696352045
1.0000000000000000 0.6119991247402087 0.8396403537424996
1.0000000000000000 0.5362180177219468 0.9149819135462504
1.0000000000000000 0.6244200559162433 0.8238471821892747
1.0000000000000000 0.4733718861092450 0.8695211513312388
1.0000000000000000 0.6299685368528720 0.9135788387967827
1.0000000000000000 0.5325090191407917 0.6142534028858486
1.0000000000000000 0.6777102504792377 0.7756283213923753
1.0000000000000000 0.4820016239471915 0.8769739377010890
1.0000000000000000 0.5271164656988357 0.7821252372547798
1.0000000000000000 0.5947694540740236 0.9863476615593052
1.0000000000000000 0.5986173729593763 0.9003542493579417
1.0000000000000000 0.4821549371475909 0.7503344819827161
1.0000000000000000 0.4314203636834595 0.8018735698346804
1.0000000000000000 0.5856741053049087 0.9399864619348418
1.0000000000000000 0.6133632263656341 0.7646093085196608
1.0000000000000000 0.5629344887762313 0.8205114762442752
1.0000000000000000 0.5874084558328231 0.7341475505665545
1.0000000000000000 0.6002344957375524 0.8560065836490141
1.0000000000000000 0.4767175224169715 0.8429453263638504
1.0000000000000000 0.4698257539227611 0.7969854151108380
1.0000000000000000 0.4324775996968765 0.8444291749281779
1.0000000000000000 0.4985160386219230 0.7978646006771887
1.0000000000000000 0.5007316257199810 0.9694566359507091
1.0000000000000000 0.4568719924604118 0.9718513313980391
1.0000000000000000 0.4581187788950346 0.9210866075800332
1.0000000000000000 0.5421910464496041 1.0076289931241287
1.0000000000000000 0.5727480941530383 0.8273415039113273
1.0000000000000000 0.6446826762602302 0.7074078495824354
1.0000000000000000 0.5468590163687407 0.9243992891006012
1.0000000000000000 0.5032524290927748 0.8349824009968223
1.0000000000000000 0.4831031585298603 0.8073976244713221
1.0000000000000000 0.4694141093035291 0.7736988938989741
1.0000000000000000 0.4525492122639680 0.8474956072211346
1.0000000000000000 0.5330602350276933 0.8788060134741726
1.0000000000000000 0.5788130929739429 0.9366727140002388
1.0000000000000000 0.5212418863071313 0.7990554521899185
1.0000000000000000 0.6262865765174880 0.8162621712364039
1.0000000000000000 0.4243937951025173 0.7118326890471577
1.0000000000000000 0.4248605207947612 0.9691457778949821
1.0000000000000000 0.4059841467960747 0.8636081683132609
1.0000000000000000 0.5034254704250168 0.8672446417361219
1.0000000000000000 0.5013936447044512 0.9264108905059159
1.0000000000000000 0.4644570398278366 0.8567533327172751
1.0000000000000000 0.4460928963006914 0.9119330268330439
1.0000000000000000 0.5691121855227659 0.9001364575118607
1.0000000000000000 0.4247114979948741 0.7712853731569069
1.0000000000000000 0.5321879457124710 0.8155710223758468
1.0000000000000000 0.6124457170705188 0.8905569966014664
1.0000000000000000 0.3784980860308386 1.0266145464139560
1.0000000000000000 0.4909143187987662 0.9012498474883508
1.0000000000000000 0.4645842016643022 0.7345221115731492
1.0000000000000000 0.3641639236633307 0.9465556765260001
1.0000000000000000 0.5339909739980021 0.9120686425515724
1.0000000000000000 0.5278529401275428 0.9970874282824918
1.0000000000000000 0.5339324209287986 0.9648773179562972
1.0000000000000000 0.3131455069096661 0.9597582919780311
1.0000000000000000 0.4917273362797146 0.8822426560008557
1.0000000000000000 0.4226802946153254 1.0639246779940781
1.0000000000000000 0.2982826724795902 0.9230312068165992
1.0000000000000000 0.4722515374396051 0.8469722965760318
1.0000000000000000 0.3886256073193806 0.9335422470871487
1.0000000000000000 0.3742718004651286 0.9297156373842882
1.0000000000000000 0.3417127104714410 0.9040221684893808
1.0000000000000000 0.4287132364965067 0.8473272067310055
1.0000000000000000 0.4062566017362938 0.8416456658947860
1.0000000000000000 0.2849813408844121 0.9985685548186468
1.0000000000000000 0.4241517473354101 0.9571091748773002
1.0000000000000000 0.4442074454734256 0.9142214018215652
1.0000000000000000 0.4435513346552710 0.9454047480629154
1.0000000000000000 0.4029666567725088 0.8819189097363057
1.0000000000000000 0.3860175715927610 0.7659845275095685
1.0000000000000000 0.3943856980457027 0.9629696325521061
1.0000000000000000 0.2960897507793485 0.8647162951487581
1.0000000000000000 0.5417017920854003 0.9107986831007912
1.0000000000000000 0.4599988976099890 0.8872693564283227
1.0000000000000000 0.3581254301277282 0.9177346464328596
1.0000000000000000 0.4791888771375845 0.8324750511859557
1.0000000000000000 0.2976093281149307 0.9981886441114599
1.0000000000000000 0.5253403874178444 0.9344174830354666
1.0000000000000000 0.2124594267907647 0.8807454386239059
1.0000000000000000 0.4169020576820217 0.9612389677190498
1.0000000000000000 0.3005933726491155 0.8340827406622877
1.0000000000000000 0.2334648112912132 0.9006317149659551
1.0000000000000000 0.3227743901925215 0.9514317435870362
1.0000000000000000 0.5188487836381848 0.8849216824663694
1.0000000000000000 0.4240863990949172 0.8762337171802430
1.0000000000000000 0.3668696376253211 0.9237977151414549
1.0000000000000000 0.3198129794221897 0.8352579065842696
1.0000000000000000 0.3691589950571753 0.9307121575554199
1.0000000000000000 0.2551212229364963 0.9942400285632096
1.0000000000000000 0.4215245856512063 0.9028565697493131
1.0000000000000000 0.3484533608715314 0.8984024840939493
1.0000000000000000 0.2348345705100637 0.9334009924408474
1.0000000000000000 0.3392487920873942 1.0088294121912083
1.0000000000000000 0.3348991541414231 1.0468065420032913
1.0000000000000000 0.3173718060310357 0.9283299662940194
1.0000000000000000 0.3593129372067326 0.8260660294283624
1.0000000000000000 0.3061812783629569 1.0264517769730406
1.0000000000000000 0.2870973612695548 0.8892173153562122
1.0000000000000000 0.2485734595245517 0.9200579665699790
1.0000000000000000 0.2535937215809008 1.0607345286975356
1.0000000000000000 0.2776906400032664 0.9143289540947328
1.0000000000000000 0.2598520565311391 1.1002396124025331
1.0000000000000000 0.3894999953434840 0.9936310516409298
1.0000000000000000 0.2998534499492146 0.9142877313065301
1.0000000000000000 0.2945168584558995 0.8733955162381049
1.0000000000000000 0.3255001727325036 0.8899655683797545
1.0000000000000000 0.3202368331035338 0.9586725499329043
1.0000000000000000 0.2797789683663695 0.9354825604752669
1.0000000000000000 0.3491022204601439 0.9038613829213195
1.0000000000000000 0.3539269465691638 1.1036206904883681
1.0000000000000000 0.3388573565414443 0.8203179211502177
1.0000000000000000 0.1300526606282135 0.9597513020142123
1.0000000000000000 0.2229624651759900 1.0858721590097360
1.0000000000000000 0.3798872485282337 1.0204480073248794
1.0000000000000000 0.2666146460818898 0.9277085181246086
1.0000000000000000 0.1910307744981082 0.9403812777661099
1.0000000000000000 0.2369320020968718 1.2386556407560869
1.0000000000000000 0.2369729478064903 1.0738687886952971
1.0000000000000000 0.2647772855911528 0.9072436641069812
1.0000000000000000 0.3605489432472838 1.0243360954453202
1.0000000000000000 0.0939589250956330 1.0234210692544101
1.0000000000000000 0.3225983781254773 0.9175795334568773
1.0000000000000000 0.2932375128281740 1.0132500632994523
1.0000000000000000 0.1885244903348992 0.8850076741228817
1.0000000000000000 0.2021629204319665 0.9498252537233909
1.0000000000000000 0.3005647868615663 0.8961872437344269
1.0000000000000000 0.2538867137130988 0.8822816715058109
1.0000000000000000 0.2768855041541751 0.9872134870056424
1.0000000000000000 0.2293585428656311 0.8770696322930789
1.0000000000000000 0.0758070809589978 0.9025249610976771
1.0000000000000000 0.3132324690310842 0.9959430652523457
1.0000000000000000 0.2233566823181843 1.0406770619372607
1.0000000000000000 0.1432932510947360 1.0161432220782167
1.0000000000000000 0.2003374972097451 1.0136049401815497
1.0000000000000000 0.2822324078061335 0.9682297756766322
1.0000000000000000 0.2623211301562999 0.9935901335868991
1.0000000000000000 0.2882836038885904 0.9542891012882116
1.0000000000000000 0.2302072405471484 0.8362696830427586
1.0000000000000000 0.2132662569200648 0.9901906178278389
1.0000000000000000 0.0331970180276480 1.0061169612635790
1.0000000000000000 0.1766798196853209 1.0627751415574120
1.0000000000000000 0.1868461941444735 1.0724567703762664
1.0000000000000000 0.1525068702862551 0.9831440703157204
1.0000000000000000 0.0914357789960047 1.0937900243179648
1.0000000000000000 0.2871073710958700 0.9493999378347361
1.0000000000000000 0.1943486063006138 1.0103323043870618
1.0000000000000000 0.1846762243291680 0.9152203556292229
1.0000000000000000 0.1216620587442664 0.9812767473332807
1.0000000000000000 0.1999953706501388 1.0471284192888908
1.0000000000000000 0.2104419126454440 1.0438633243031914
1.0000000000000000 0.0788152038306590 0.8890894163881757
1.0000000000000000 0.1011847297588222 0.9349636533117001
1.0000000000000000 0.1269712508135104 0.9818908602911453
1.0000000000000000 0.1918530094905688 0.8746907924143648
1.0000000000000000 0.1548799047373833 0.8976476054550979
1.0000000000000000 0.1596112798439993 0.9540072115553909
1.0000000000000000 0.1847849351835971 1.0258819737578930
1.0000000000000000 0.0345411861971806 0.9180148794242340
1.0000000000000000 0.0459485110526325 0.9627205126771246
1.0000000000000000 0.0672054304633401 0.9721095648975017
1.0000000000000000 0.1742470024023377 1.0880271006413487
1.0000000000000000 0.1115181680541764 0.9580950338312532
1.0000000000000000 0.0428296416291927 1.2284079439777371
1.0000000000000000 0.0548981606812560 1.0741139284377172
1.0000000000000000 0.1298074777769783 0.9968775380813716
1.0000000000000000 0.2132758052367404 1.0537096167929392
1.0000000000000000 0.1328621001782139 0.9819358467051991
1.0000000000000000 0.0275583216284774 1.0743095511633962
1.0000000000000000 0.0545495048865396 1.0433009060076830
1.0000000000000000 0.1001668999688074 1.0964028621540614
1.0000000000000000 0.0467440638681326 0.9910750909646382
1.0000000000000000 0.0573383703287203 0.9875318437302030
1.0000000000000000 0.1067809481028961 1.0224018861449919
1.0000000000000000 0.0888175700656499 1.0262603108642356
1.0000000000000000 0.1278340180387678 1.0389955963315571
1.0000000000000000 0.2174393361896991 1.0862505638354019
1.0000000000000000 0.1927367107698953 0.9721513060459652
1.0000000000000000 0.1068156570961017 0.9498885576180691
1.0000000000000000 0.1301948168514154 1.0626684319810091
1.0000000000000000 0.2028625597321006 0.9981437422598377
1.0000000000000000 0.1104872430669347 1.1214082398657130
1.0000000000000000 0.0472210735548750 0.9505147897418398
1.0000000000000000 0.0181723050869700 1.0396402892381862
1.0000000000000000 0.0597776422617117 0.9958242507693995
1.0000000000000000 0.0942326140580269 1.0044209280988499
1.0000000000000000 -0.0028446163436274 0.9082932775377043
1.0000000000000000 -0.0334325424183680 1.0553570188217849
1.0000000000000000 0.0732313045509292 1.0537698696658426
1.0000000000000000 0.1654125224654296 1.1269190242160854
1.0000000000000000 0.0555984050704832 1.0462233762601190
1.0000000000000000 -0.0177156080818612 0.9929573883451076
1.0000000000000000 0.0061553874697463 1.1230254623645399
1.0000000000000000 0.0293593033145943 1.1954325121227340
1.0000000000000000 0.1267603753543531 0.9518210106867029
1.0000000000000000 0.0650438218625931 0.9364600453187015
1.0000000000000000 0.1060780319799642 0.9069955252744456
1.0000000000000000 0.0779197107776295 1.0107822912820947
1.0000000000000000 -0.0376507403081901 1.0169378114301493
1.0000000000000000 -0.1171581576793831 0.9978972589332445
1.0000000000000000 -0.0634900867062116 1.0499403676439223
1.0000000000000000 0.0739271400968110 0.8660146758804559
1.0000000000000000 0.0298038702243474 1.1020894784481921
1.0000000000000000 -0.0070360677925285 0.8412558392590376
1.0000000000000000 0.0438247862319266 0.9440424186628691
1.0000000000000000 -0.0815192026422515 1.0238436161138573
1.0000000000000000 0.0186849585402828 1.0061004209213762
1.0000000000000000 0.0226437619732855 0.8371794383958417
1.0000000000000000 -0.0452826643161145 1.0890922562347483
1.0000000000000000 -0.1111252137298261 0.9219065711335641
1.0000000000000000 -0.0215974515925333 1.0876536887466239
1.0000000000000000 -0.0245115032550110 0.9825143693872647
1.0000000000000000 0.0972318972862318 1.0422822891126249
1.0000000000000000 -0.1093375263354203 0.9887390387390027
1.0000000000000000 0.0655754251944755 0.9603233033321567
1.0000000000000000 -0.1924920163103153 1.0696822405794237
1.0000000000000000 0.0357345585472403 0.9987120324680476
1.0000000000000000 -0.0048616912675009 1.0125620590274591
1.0000000000000000 0.0737295130095033 1.0200706143196776
1.0000000000000000 -0.1635733376303534 0.9645581127397738
1.0000000000000000 -0.0949990046316095 0.9705364770068651
1.0000000000000000 -0.1034782462086871 0.9562372969054739
1.0000000000000000 -0.1733927711763415 1.0830210029972955
1.0000000000000000 -0.1146589433961235 1.1293928496994878
1.0000000000000000 -0.0404329601015311 0.9709571596978332
1.0000000000000000 -0.0098699318132664 1.1301991226144732
1.0000000000000000 -0.0521706791990984 0.9258834435302020
1.0000000000000000 -0.0472420339362819 0.9792059727707429
1.0000000000000000 0.0209792987873633 0.8851020504662649
1.0000000000000000 -0.1328899869394425 0.9868561333500310
1.0000000000000000 -0.0802706723246514 1.1458784473336583
1.0000000000000000 -0.0800995951042428 0.9746499628142747
1.0000000000000000 -0.0033548628737960 0.9637139131455027
1.0000000000000000 -0.1056140156089356 1.0343819704980846
1.0000000000000000 -0.0604881625850298 0.8695238307286246
1.0000000000000000 -0.1259991372963971 1.0124036296468459
1.0000000000000000 -0.0243603905621694 1.0104594339254371
1.0000000000000000 -0.0408151962868226 0.9121734122237775
1.0000000000000000 -0.0685112241144683 0.8982384023546376
1.0000000000000000 -0.1274849708897479 0.9977069963769140
1.0000000000000000 -0.2135624789269143 0.9608026244547336
1.0000000000000000 -0.0916699461987157 1.0056348144644984
1.0000000000000000 -0.0649749956175903 1.0468115463160081
1.0000000000000000 -0.1438920724017855 0.9575982982753728
1.0000000000000000 -0.1830251184915863 1.0066480628165999
1.0000000000000000 -0.2341865518391729 0.9848199171519604
1.0000000000000000 -0.1444765222039920 1.0844825864947305
1.0000000000000000 -0.0681858187599716 1.0296902231405805
1.0000000000000000 -0.1564618554873597 0.9872347703951830
1.0000000000000000 -0.1338742873031679 1.0117511714311962
1.0000000000000000 -0.0600534479007148 0.9548528623122701
1.0000000000000000 -0.0367144078463820 1.0413584830602258
1.0000000000000000 -0.1956062551297316 0.8843638266324044
1.0000000000000000 -0.1394709299702670 1.0950242269420691
1.0000000000000000 -0.2840313719347633 1.0013937997390268
1.0000000000000000 -0.0909723605262532 1.0178650665456490
1.0000000000000000 -0.2173532163015488 0.8941578696087125
1.0000000000000000 -0.1301934739523419 0.9462389841333280
1.0000000000000000 -0.2012715175689380 0.8375854706244210
1.0000000000000000 -0.2305332529019138 0.9979420886423551
1.0000000000000000 -0.1220274316171867 0.9939906732883866
1.0000000000000000 -0.1456891892849936 0.9893678076455800
1.0000000000000000 -0.2442310841258440 1.0277370777909622
1.0000000000000000 -0.2031267451138215 0.9040693752928495
1.0000000000000000 -0.1780040289483897 1.0508493572867172
1.0000000000000000 -0.1121046619319277 1.0544136242346920
1.0000000000000000 -0.3258085487324646 0.9390656247294319
1.0000000000000000 -0.1904314131936840 1.0316709154333326
1.0000000000000000 -0.1646246381885453 0.9298694254774277
1.0000000000000000 -0.2531988732594075 1.0918588997891716
1.0000000000000000 -0.1233599606141020 1.0746881601670222
1.0000000000000000 -0.2026559709415024 0.9584841777280008
1.0000000000000000 -0.1406812209839630 0.9813877423225700
1.0000000000000000 -0.1958157288899884 1.0560934510420348
1.0000000000000000 -0.2581682126383013 0.9299025919845174
1.0000000000000000 -0.2419381626238459 0.8477165972858571
1.0000000000000000 -0.2662364052366137 1.0054114824165568
1.0000000000000000 -0.1770708299357059 0.9203293374875348
1.0000000000000000 -0.1887826474084503 0.9353998189814892
1.0000000000000000 -0.1101825236655318 1.0296459263970099
1.0000000000000000 -0.2340382385116094 1.1411711677739351
1.0000000000000000 -0.2159017341676286 0.9746552105448113
1.0000000000000000 -0.2273776318760063 1.0214519375060709
1.0000000000000000 -0.2179405650412445 0.9532586686868173
1.0000000000000000 -0.2918391282157126 1.0657177837983136
1.0000000000000000 -0.2578247938269097 0.8951476757152523
1.0000000000000000 -0.2276672953140478 0.9656919612222435
1.0000000000000000 -0.1567492296265417 0.9951342193100569
1.0000000000000000 -0.3711065544435249 0.9038634008616895
1.0000000000000000 -0.1554595304075282 1.0041915176538869
1.0000000000000000 -0.2820818480064085 0.9687584594476654
1.0000000000000000 -0.2551246723434404 0.9601858100452937
1.0000000000000000 -0.2496933917555544 0.9382439930296745
1.0000000000000000 -0.1753170430578053 0.9482136316897115
1.0000000000000000 -0.3111846553532667 1.0255958817864779
1.0000000000000000 -0.3772082694414656 0.9705734832452185
1.0000000000000000 -0.2530364143877880 1.0438221940602934
1.0000000000000000 -0.3000586577819857 1.0292035501829477
1.0000000000000000 -0.2731547984650289 0.9701521922121411
1.0000000000000000 -0.3684146225706584 0.9770369130856766
1.0000000000000000 -0.4466769762921075 0.8004934289276759
1.0000000000000000 -0.2121690272213835 0.8262843283056336
1.0000000000000000 -0.3420629489086570 1.1480585680602919
1.0000000000000000 -0.3156701361664767 0.9367691991112614
1.0000000000000000 -0.3017756927473577 0.9051613996151151
1.0000000000000000 -0.3182587430480334 0.8979566578544066
1.0000000000000000 -0.2380959404213182 0.9307926027025176
1.0000000000000000 -0.2400180922529356 0.9348982129251651
1.0000000000000000 -0.4562768706874055 0.8104491408632379
1.0000000000000000 -0.3847036094349945 0.9619053235143482
1.0000000000000000 -0.3191226119935862 0.9006026433483709
1.0000000000000000 -0.3207528831558688 0.9857677731473847
1.0000000000000000 -0.4398715750113768 0.9661519531127500
1.0000000000000000 -0.4003675864113449 0.9632080889012780
1.0000000000000000 -0.2699770824368070 1.0530361756218498
1.0000000000000000 -0.3348710577974846 0.9095698099199224
1.0000000000000000 -0.3287303015131006 0.8537571746679371
1.0000000000000000 -0.2850184588034864 1.0341353863492491
1.0000000000000000 -0.3683967510620804 0.8276083608071136
1.0000000000000000 -0.3846721885248671 0.9924950829496580
1.0000000000000000 -0.3874304271001394 0.9425873526675779
1.0000000000000000 -0.3271279358347033 0.9528073314191567
1.0000000000000000 -0.2771872334295998 0.9070475501223435
1.0000000000000000 -0.3155587182966930 0.9285522323847771
1.0000000000000000 -0.4474661442316084 0.8959785223680751
1.0000000000000000 -0.2247504190947108 0.9250036562144480
1.0000000000000000 -0.4099906410997249 0.8665662240273969
1.0000000000000000 -0.1853156304340757 0.9257327235415628
1.0000000000000000 -0.2796341845131470 1.0796591071856356
1.0000000000000000 -0.4387235836627312 0.9590238461772691
1.0000000000000000 -0.4683343370264728 0.8881081347961109
1.0000000000000000 -0.3727021370856651 0.8989441152715631
1.0000000000000000 -0.2808549607470493 0.8743985837219523
1.0000000000000000 -0.3393579698181824 0.8919786928555378
1.0000000000000000 -0.4585899498286066 0.9570598069775760
1.0000000000000000 -0.4784455489273193 0.8651316762095933
1.0000000000000000 -0.4604216670445945 1.0013576732429541
1.0000000000000000 -0.4435448399437086 0.9229518934415504
1.0000000000000000 -0.4358480324459841 1.0157662860549179
1.0000000000000000 -0.3083169588026036 0.8463170760535640
1.0000000000000000 -0.4523990344212331 0.8914510587637253
1.0000000000000000 -0.3485273045672714 0.9528984965349633
1.0000000000000000 -0.4454862341914845 0.9297359237012864
1.0000000000000000 -0.4363516605319243 0.7790873054192117
1.0000000000000000 -0.2456716861912385 0.9324110325935344
1.0000000000000000 -0.3795788407697854 0.8631612985832653
1.0000000000000000 -0.4082405735660698 0.8925303999055225
1.0000000000000000 -0.5359745507758155 0.9447885373469166
1.0000000000000000 -0.3911273316800565 0.9844751938391605
1.0000000000000000 -0.6029829022323683 0.9651991053129076
1.0000000000000000 -0.4478206704787065 0.8804516974914193
1.0000000000000000 -0.4929075831291209 0.8188437011817911
1.0000000000000000 -0.4802899625577548 0.8751590815205142
1.0000000000000000 -0.3868762538741306 0.8945016558954818
1.0000000000000000 -0.3928504296742499 1.0123004576447645
1.0000000000000000 -0.4453854777708836 0.7944386790889167
1.0000000000000000 -0.4275662950533299 0.8461531406541235
1.0000000000000000 -0.3783911268546215 0.8983916319371075
1.0000000000000000 -0.5472776202715384 0.9096695203259318
1.0000000000000000 -0.4042807638207617 0.8946169770408496
1.0000000000000000 -0.3759888413972340 0.7436902080982970
1.0000000000000000 -0.5136422464140921 0.8600371084585728
1.0000000000000000 -0.3989788786844948 0.9257668018907843
1.0000000000000000 -0.4576013997951984 0.8317088739924240
1.0000000000000000 -0.4135258663863141 0.7766970244145978
1.0000000000000000 -0.4802188009409512 1.0180404372039018
1.0000000000000000 -0.4737964275424568 0.8473175396871030
1.0000000000000000 -0.5295021989743577 0.9011055650204134
1.0000000000000000 -0.4657649590125164 0.8349392762203178
1.0000000000000000 -0.4776094770595722 0.8742251992818614
1.0000000000000000 -0.6031847351281570 0.9883199996552483
1.0000000000000000 -0.5091758785239513 0.8631747196357458
1.0000000000000000 -0.5768549539253532 0.8027876576040078
1.0000000000000000 -0.4747657864389130 0.9403744153005874
1.0000000000000000 -0.5785497236160411 0.8965530104663700
1.0000000000000000 -0.5687889106414166 0.7664010119467466
1.0000000000000000 -0.5150032340301541 0.8814451455528536
1.0000000000000000 -0.7730443007913941 0.8863893545376701
1.0000000000000000 -0.5150703506411084 0.8190711203281189
1.0000000000000000 -0.5957871155463685 0.8880392781955653
1.0000000000000000 -0.5229376831677429 0.7690044009175010
1.0000000000000000 -0.4856427484714148 0.8520223452770247
1.0000000000000000 -0.5617121067382598 0.7873031127357746
1.0000000000000000 -0.4862731248894111 0.8340968293794825
1.0000000000000000 -0.4154538126696072 0.8083530222570309
1.0000000000000000 -0.5899269398012513 0.9428276940750893
1.0000000000000000 -0.5875841606525466 0.7377765149297318
1.0000000000000000 -0.5478727424420626 0.8155264223049816
1.0000000000000000 -0.5936771232756607 0.8990922441586341
1.0000000000000000 -0.5552820825984780 0.7269597788050829
1.0000000000000000 -0.5137506442035503 0.8177346649534853
1.0000000000000000 -0.5115280218128631 0.8856483210551426
1.0000000000000000 -0.5616903483524451 0.7272705066710830
1.0000000000000000 -0.5640562109469601 0.9592255019273920
1.0000000000000000 -0.5531002538231140 0.8945928711064394
1.0000000000000000 -0.5995539834487895 0.7760736049407422
1.0000000000000000 -0.5189864968440514 0.8084684398889093
1.0000000000000000 -0.6194871776730266 0.8448342486873195
1.0000000000000000 -0.6166853886340814 0.7694069857767953
1.0000000000000000 -0.5897175171078174 0.8103715149342714
1.0000000000000000 -0.5592135032566716 0.8604415008669382
1.0000000000000000 -0.5139497816192630 0.7517188676921027
1.0000000000000000 -0.4171394122118048 0.8689082909912016
1.0000000000000000 -0.6212578962652694 0.8584714858822935
1.0000000000000000 -0.5225404508975054 0.8741936946628804
1.0000000000000000 -0.5628827831994415 0.7427624586503875
1.0000000000000000 -0.6592114658922414 0.8616804972636241
1.0000000000000000 -0.7019368588107432 0.7402066397509863
1.0000000000000000 -0.5919608369322832 0.8711958084735503
1.0000000000000000 -0.6716983329489361 0.9166148899518697
1.0000000000000000 -0.6837478847029319 0.8082931579003084
1.0000000000000000 -0.5963875834677176 0.8373784089993646
1.0000000000000000 -0.4971147033464648 0.6612697576068444
1.0000000000000000 -0.6290825172187174 0.6936700198499168
1.0000000000000000 -0.6516213524589225 0.7771982706855051
1.0000000000000000 -0.5669450134417051 0.8736583387016108
1.0000000000000000 -0.6685658656116400 0.7192734240999619
1.0000000000000000 -0.6360748660020654 0.7695677258307484
1.0000000000000000 -0.6072352365307269 0.6740001474046362
1.0000000000000000 -0.7542952027433013 0.7393909011675337
1.0000000000000000 -0.6268994329511168 0.7502899430501667
1.0000000000000000 -0.5004951042057526 0.8730673678530809
1.0000000000000000 -0.5740794051038167 0.7892506500734373
1.0000000000000000 -0.5691947974480556 0.8818740467119481
1.0000000000000000 -0.5001290383811137 0.8387325270237355
1.0000000000000000 -0.6593542396221563 0.7584907619138030
1.0000000000000000 -0.7221433267233232 0.7667352885529537
1.0000000000000000 -0.7285252462274077 0.7827359589246355
1.0000000000000000 -0.7834351827957435 0.8189286099904542
1.0000000000000000 -0.6925395556151447 0.8330742002328263
1.0000000000000000 -0.5785103456086950 0.8374982776008041
1.0000000000000000 -0.8175689505385741 0.8299579061056231
1.0000000000000000 -0.7011887622824744 0.7891831526357495
1.0000000000000000 -0.5371555963730810 0.7072051808091737
1.0000000000000000 -0.5396974946764330 0.7412708167828460
1.0000000000000000 -0.7217094084273108 0.7730223358545060
1.0000000000000000 -0.7379747084966428 0.6906465861508009
1.0000000000000000 -0.6388555512055331 0.6784098255032476
1.0000000000000000 -0.6098758233305654 0.7438906529252904
1.0000000000000000 -0.6639455972453485 0.7489369247999360
1.0000000000000000 -0.6793943510797235 0.7150263510983047
1.0000000000000000 -0.7956596345990845 0.7655204627231945
1.0000000000000000 -0.7357740211654440 0.6653465105810041
1.0000000000000000 -0.7933974147353962 0.6139623216131708
1.0000000000000000 -0.8118701546037819 0.7545237922358461
1.0000000000000000 -0.7307744007784209 0.7157880198381730
1.0000000000000000 -0.6793841459057705 0.6761079682172052
1.0000000000000000 -0.7271525256228443 0.7777127751649510
1.0000000000000000 -0.7779141160318523 0.6014876211324179
1.0000000000000000 -0.5865727866186753 0.7449030263840922
1.0000000000000000 -0.6125403131237220 0.8730172721924799
1.0000000000000000 -0.7546886677024518 0.7560611678772129
1.0000000000000000 -0.6025338664446207 0.5844129455298960
1.0000000000000000 -0.5864501216246596 0.7404727447794086
1.0000000000000000 -0.7995273262011506 0.7415484638612303
1.0000000000000000 -0.8033271209210029 0.6269326171987868
1.0000000000000000 -0.6033492693493616 0.7758611660855015
1.0000000000000000 -0.7169740882256843 0.6578989724359133
1.0000000000000000 -0.7595330833193482 0.6544160310373870
1.0000000000000000 -0.7000099881641814 0.7104102876864440
1.0000000000000000 -0.7386775052054735 0.7497160761326207
1.0000000000000000 -0.7834841385177093 0.6342235614393482
1.0000000000000000 -0.7692149828852527 0.6277446792778828
1.0000000000000000 -0.6339858420379428 0.6445050486966273
1.0000000000000000 -0.6561453202150151 0.6523817525888799
1.0000000000000000 -0.7534295494586211 0.6970351813099525
1.0000000000000000 -0.7349518415113848 0.6509561026044827
1.0000000000000000 -0.8933814272045180 0.4958741133210374
1.0000000000000000 -0.7056310151091395 0.6404205611272468
1.0000000000000000 -0.8186056100036135 0.6647428723892275
1.0000000000000000 -0.7032515543511489 0.6145981499037848
1.0000000000000000 -0.6836926309575448 0.7207349451508083
1.0000000000000000 -0.6959216886893548 0.6211229966277905
1.0000000000000000 -0.6882230804032262 0.7688920773836415
1.0000000000000000 -0.7446393242459478 0.6797983026829564
1.0000000000000000 -0.8446428674909284 0.7471033377385498
1.0000000000000000 -0.6509769279609108 0.7146234282846503
1.0000000000000000 -0.6924193335804865 0.8304403173999987
1.0000000000000000 -0.7450909469500493 0.7090189223399290
1.0000000000000000 -0.6320698795039452 0.6398778489198698
1.0000000000000000 -0.7847633071678540 0.5905952390443977
1.0000000000000000 -0.6743212799161291 0.6775673333847335
1.0000000000000000 -0.7391726628394173 0.6825706679319803
1.0000000000000000 -0.7953686671165507 0.6103785872714605
1.0000000000000000 -0.7965953025284516 0.7568175567665970
1.0000000000000000 -0.7207922635546755 0.7008246711772723
1.0000000000000000 -0.8112128928284651 0.7090647498708528
1.0000000000000000 -0.7175138809375678 0.5188598720351313
1.0000000000000000 -0.7586539207801556 0.6285782053816387
1.0000000000000000 -0.5930187028375080 0.5428734158692550
1.0000000000000000 -0.8454639369336157 0.7569222581967394
1.0000000000000000 -0.7681816007064258 0.6329694770601240
1.0000000000000000 -0.8551287485138123 0.5658862225158681
1.0000000000000000 -0.7547087416400456 0.6677972394291398
1.0000000000000000 -0.9502327300593065 0.5389620885089288
1.0000000000000000 -0.7712762679686320 0.6288823720951143
1.0000000000000000 -0.7475890703956234 0.6360104381264012
1.0000000000000000 -0.8572423209690322 0.6712963683080586
1.0000000000000000 -0.7791866824367545 0.7103016219396071
1.0000000000000000 -0.8323806157397182 0.6827514548473448
1.0000000000000000 -0.7851849761501843 0.5450930318028442
1.0000000000000000 -0.8305692965917492 0.4776027362309233
1.0000000000000000 -0.8898171893240159 0.6367431201648072
1.0000000000000000 -0.8730531941890723 0.5974441893110277
1.0000000000000000 -0.7517138874267436 0.5529204970884046
1.0000000000000000 -0.8302238638303421 0.5147596976536150
1.0000000000000000 -0.7865708110149429 0.6016307044798166
1.0000000000000000 -0.7830363435122009 0.7086779367839954
1.0000000000000000 -0.6922542838350242 0.5974250654160442
1.0000000000000000 -0.8929673736001024 0.6035174728338231
1.0000000000000000 -0.9121056289456272 0.5793361466481268
1.0000000000000000 -0.8288970916050776 0.5665875685053923
1.0000000000000000 -0.9584172234889881 0.5421958334519186
1.0000000000000000 -0.7865747985572632 0.5690711263606486
1.0000000000000000 -0.6680544149267925 0.5662318431225968
1.0000000000000000 -0.7279086678005593 0.5320405501597042
1.0000000000000000 -0.9853588572023617 0.6458705686302153
1.0000000000000000 -0.8660109176401568 0.6559371393795451
1.0000000000000000 -0.7930641875127071 0.5342418951280825
1.0000000000000000 -0.8707067999117716 0.4564279145678817
1.0000000000000000 -0.9599107423284959 0.5468345828467719
1.0000000000000000 -0.8853858704544921 0.6755278205953359
1.0000000000000000 -0.8139731594988959 0.4734740883994606
1.0000000000000000 -0.9174429182995231 0.6689604781420126
1.0000000000000000 -0.8183446230651892 0.6082868212428060
1.0000000000000000 -0.8905073097830276 0.5775406474712649
1.0000000000000000 -0.7355144706850791 0.5152048110267506
1.0000000000000000 -0.7930681576062074 0.4663823693509756
1.0000000000000000 -0.8789887088144211 0.6381430998761342
1.0000000000000000 -0.7454590760021952 0.4891882644103807
1.0000000000000000 -0.7462182318343706 0.4273862913746133
1.0000000000000000 -0.8363777246596812 0.6318158569114160
1.0000000000000000 -0.8802996204254147 0.2949941285811670
1.0000000000000000 -0.9384797240473439 0.5652589875011389
1.0000000000000000 -0.8148645795203625 0.4367165487287325
1.0000000000000000 -0.7215462355954214 0.4510823426518990
1.0000000000000000 -0.8466689281919039 0.4911958360105723
1.0000000000000000 -0.7548331905732182 0.5571514632564682
1.0000000000000000 -0.6898404067121129 0.5343184868162735
1.0000000000000000 -1.0078640253717825 0.4627212132124754
1.0000000000000000 -0.9272803761954646 0.5109748665386802
1.0000000000000000 -0.7605204351481365 0.5328831618668559
1.0000000000000000 -0.8958519791374211 0.4291877836551735
1.0000000000000000 -0.7706175841146714 0.5395146121317593
1.0000000000000000 -0.9479637277911016 0.3487513208227750
1.0000000000000000 -0.8870362668286333 0.5931398810870070
1.0000000000000000 -0.9831797932846120 0.4531613569793378
1.0000000000000000 -0.8948809474876266 0.4929523203404313
1.0000000000000000 -0.8710372993359096 0.4389091866951249
1.0000000000000000 -0.8904947866538018 0.4554896641019898
1.0000000000000000 -0.9717665779822928 0.3127808462985338
1.0000000000000000 -0.8549663840008895 0.3577532953100148
1.0000000000000000 -0.8115978552816662 0.4884265594765939
1.0000000000000000 -0.9529741257634972 0.4173758384039296
1.0000000000000000 -0.9569297926086864 0.4850252198416908
1.0000000000000000 -0.8867031523666936 0.4202063131378564
1.0000000000000000 -1.1108533909659013 0.3322484623735902
1.0000000000000000 -0.9975616321189255 0.4485831734505532
1.0000000000000000 -0.8192354148112634 0.4811202556385624
1.0000000000000000 -0.9042815798044599 0.4441212203050554
1.0000000000000000 -0.8976470274443404 0.3223083830788001
1.0000000000000000 -0.9444379757735699 0.3351160100385434
1.0000000000000000 -0.9258550205112794 0.4286879944073622
1.0000000000000000 -0.8379774804273201 0.4421050674647449
1.0000000000000000 -0.9408438200190439 0.5172095822454792
1.0000000000000000 -0.8936526741741643 0.3784125658689749
1.0000000000000000 -0.9247752762529132 0.4715057322613588
1.0000000000000000 -0.8702411023514921 0.4457871072383338
1.0000000000000000 -0.8980097958753056 0.4828733372123913
1.0000000000000000 -0.9743447765693228 0.3983710647721374
1.0000000000000000 -0.8806028911266497 0.2953314858956301
1.0000000000000000 -1.0111567454989738 0.4740606478967032
1.0000000000000000 -0.8954000254243635 0.5153321471608956
1.0000000000000000 -0.9916719826765555 0.4617946430186625
1.0000000000000000 -0.9188619091447017 0.3172295798830419
1.0000000000000000 -0.8668425989046600 0.3308480779509754
1.0000000000000000 -0.8119902310822753 0.3811534098197943
1.0000000000000000 -0.8819325002788827 0.3557301971741351
1.0000000000000000 -0.9292323742001547 0.3060862068989744
1.0000000000000000 -1.0157486916476433 0.4538048230500508
1.0000000000000000 -1.0366037442781166 0.3275898694315474
1.0000000000000000 -0.9725410963022939 0.4334868695336543
1.0000000000000000 -1.0009539582616735 0.3383909841099680
1.0000000000000000 -0.8863634209718694 0.3507744338172867
1.0000000000000000 -0.9584063914316774 0.3480165971484277
1.0000000000000000 -0.9047203493024810 0.3215824225462353
1.0000000000000000 -1.0847540102401383 0.3230452850474346
1.0000000000000000 -0.8440441691235796 0.3082972662773447
1.0000000000000000 -0.9236211491806686 0.2011524784802193
1.0000000000000000 -0.9289687582668796 0.3649790138689032
1.0000000000000000 -0.9867703490949007 0.3387996618763549
1.0000000000000000 -0.8684075689418764 0.2346354103768764
1.0000000000000000 -0.9363498230523613 0.2652229351163092
1.0000000000000000 -1.0451230311834507 0.3151810530719743
1.0000000000000000 -1.0146735363342942 0.2983654189575849
1.0000000000000000 -1.0798564928730654 0.4143833294993925
1.0000000000000000 -0.8802274113920878 0.3731946717024008
1.0000000000000000 -0.9115831882300548 0.2562814653815644
1.0000000000000000 -0.9457001763520736 0.1563378624604158
1.0000000000000000 -1.0353922275485605 0.2713712208294137
1.0000000000000000 -0.8356280098642891 0.3810400034518588
1.0000000000000000 -0.9188943856615639 0.3351901560939720
1.0000000000000000 -0.8858578328355524 0.3308760113162064
1.0000000000000000 -0.8848183295156752 0.4121073671395653
1.0000000000000000 -0.8576951429073975 0.3600204731207224
1.0000000000000000 -0.9019998503944716 0.2897683850824093
1.0000000000000000 -0.8593137767654265 0.2545753737221984
1.0000000000000000 -0.9526947978968056 0.2356338857181910
1.0000000000000000 -0.9126753856589678 0.2813822712652836
1.0000000000000000 -0.9309092709178209 0.3422514058478210
1.0000000000000000 -1.0148817535021122 0.2733436613711893
1.0000000000000000 -0.9985700752393213 0.3188859386898025
1.0000000000000000 -0.7879155015455185 0.1057857930261626
1.0000000000000000 -0.9841611568708192 0.2334769132231719
1.0000000000000000 -0.8687351982652911 0.3168718676093233
1.0000000000000000 -0.8416627620134075 0.2076428058409498
1.0000000000000000 -1.0163504475487228 0.2969519891573951
1.0000000000000000 -0.8759808199757190 0.2654862770397858
1.0000000000000000 -1.0088465420897113 0.2361295331043406
1.0000000000000000 -0.8763612595453725 0.3006213734610654
1.0000000000000000 -0.9006566904321276 0.2459757435583887
1.0000000000000000 -0.9436611268682157 0.2605281851400555
1.0000000000000000 -1.0276932607728930 0.3351222978169670
1.0000000000000000 -0.9349345144914986 0.1868289590735198
1.0000000000000000 -1.0066566673883275 0.2308202348457646
1.0000000000000000 -1.0150290646785336 0.2726726910649649
1.0000000000000000 -1.1249131914801431 0.2781242616522067
1.0000000000000000 -0.9090374459670302 0.3801614858583124
1.0000000000000000 -0.9722566743968399 0.2309939473574138
1.0000000000000000 -1.0412018776356995 0.3062651097244427
1.0000000000000000 -0.9444493728566273 0.2339557120190122
1.0000000000000000 -0.9862114547920198 0.3310721583907171
1.0000000000000000 -1.1120531882612290 0.1806846679202611
1.0000000000000000 -0.9309626815018999 0.1785213110627733
1.0000000000000000 -0.9282294143343884 0.3196965983892069
1.0000000000000000 -0.9904558895938512 0.1596122359218970
1.0000000000000000 -1.0125944102297249 0.1038693551453342
1.0000000000000000 -0.8339775507139863 0.2941752666594780
1.0000000000000000 -0.9614850372683715 0.1639335233135085
1.0000000000000000 -0.9654267862567435 0.1894756950214025
1.0000000000000000 -1.0130431507224829 0.1481385281459768
1.0000000000000000 -0.9759607659978722 0.2210021682287274
1.0000000000000000 -0.9243929851345482 0.1440128099577219
1.0000000000000000 -1.0380402704426732 0.1752497349638187
1.0000000000000000 -1.0054382978365579 0.2394048286364083
1.0000000000000000 -1.0155551177292539 0.1323436458028223
1.0000000000000000 -0.9610932236683942 0.2098905305982150
1.0000000000000000 -0.9687147851563188 0.1905555774107218
1.0000000000000000 -0.9241993600064906 0.2443213163213131
1.0000000000000000 -1.0294998132538280 0.0144528412181313
1.0000000000000000 -1.0100913548657815 0.2504791993399613
1.0000000000000000 -1.1343376215257788 0.2344487516175207
1.0000000000000000 -0.9652748763003949 0.0440837431747750
1.0000000000000000 -1.0499653705033172 0.2162815551955726
1.0000000000000000 -0.9022116827167457 0.0963708792521008
1.0000000000000000 -0.8613258386005940 0.0800202145647811
1.0000000000000000 -0.8987251838892717 0.0467064906350760
1.0000000000000000 -1.0384916692536379 0.1514508349125066
1.0000000000000000 -0.9481671485068726 0.1965687347056395
1.0000000000000000 -1.0379514907220599 0.1970212878882489
1.0000000000000000 -0.8826797554680192 0.0191240137556277
1.0000000000000000 -1.0003929152406790 0.0785593172699857
1.0000000000000000 -0.9949645221586276 0.1150495593964923
1.0000000000000000 -0.9987542918248354 0.0958187313857443
1.0000000000000000 -1.0976267150214187 0.1000494851394246
1.0000000000000000 -1.0793407835346982 0.0520672467468804
1.0000000000000000 -1.2047850115209238 0.0379928126962231
1.0000000000000000 -0.8993355627940660 0.0919481429000230
1.0000000000000000 -1.0246753887481093 0.1683646054527466
1.0000000000000000 -1.1015775662495602 0.1379326728779877
1.0000000000000000 -1.0544485107125117 0.2340296410840576
1.0000000000000000 -0.9131193984705026 0.0941738005261447
1.0000000000000000 -1.0100022652159335 0.0093441402974143
1.0000000000000000 -1.0200697713002982 0.1186489280894129
1.0000000000000000 -0.9223469440295230 0.0201248881069111
1.0000000000000000 -1.0289259752204918 0.1553488854228895
1.0000000000000000 -0.9536745489914761 0.0360660629444055
1.0000000000000000 -0.9685139719200943 0.0909861650976432
1.0000000000000000 -1.1458689883277193 0.0441001668541824
1.0000000000000000 -0.9481910840621055 0.1896804826203978
1.0000000000000000 -0.9448848949490571 0.1199358103175993
1.0000000000000000 -1.0126373805729834 0.0952842082088395
1.0000000000000000 -0.9439417691962850 0.1807596996667757
1.0000000000000000 -0.8599089539067377 0.1401309914740798
1.0000000000000000 -1.0284860671281721 0.1124875731090484
1.0000000000000000 -0.9884389922467596 0.0440312685645903
1.0000000000000000 -0.8630964549515246 -0.0037099124920826
1.0000000000000000 -0.9449799813192664 0.0873295558840832
1.0000000000000000 -1.1002274854864622 -0.0699474360363652
1.0000000000000000 -0.9665370627014804 0.0035872127880636
1.0000000000000000 -0.9791484677380172 0.0061149984520146
1.0000000000000000 -1.0167553547596972 -0.0232464954103446
1.0000000000000000 -1.0052103216742789 0.0292932364414481
1.0000000000000000 -1.0715022813745507 0.0343305859277283
1.0000000000000000 -1.0153096708779816 0.1421767296116355
1.0000000000000000 -1.0440696839929915 0.2114154623272685
1.0000000000000000 -1.0029552767238787 0.0338677457863073
1.0000000000000000 -1.0811511223307333 0.0275849665281368
1.0000000000000000 -1.0664429937228803 0.0294447352250765
1.0000000000000000 -1.0178170997558635 0.0850894748679193
1.0000000000000000 -1.0430477714223176 0.1229331351543032
1.0000000000000000 -1.0243810288767992 -0.0296316589981875
1.0000000000000000 -1.0156436365830432 -0.1292485032414999
1.0000000000000000 -0.9752344787967925 0.0029386080005654
2.0000000000000000 0.0697422594496827 0.3872010295184656
2.0000000000000000 -0.0658843436768940 0.4937747913387491
2.0000000000000000 0.0160255356680494 0.4716376534911225
2.0000000000000000 0.0559061084952900 0.4978067541344240
2.0000000000000000 -0.1114443852699820 0.4760515442758793
2.0000000000000000 -0.0305514578554185 0.3272242568592127
2.0000000000000000 0.0259125354432564 0.5035531369931135
2.0000000000000000 -0.0005746941818181 0.4200422120696882
2.0000000000000000 -0.0706564791836804 0.3721570445685321
2.0000000000000000 0.0248058557452378 0.4643349988391663
2.0000000000000000 -0.0640766474326685 0.2576001226446013
2.0000000000000000 0.0549819779012547 0.3347410049906342
2.0000000000000000 -0.0341764315909347 0.4026830722967347
2.0000000000000000 -0.0105687633854879 0.4723067193303996
2.0000000000000000 -0.0197636261908691 0.4169225616214071
2.0000000000000000 -0.0801498064602909 0.2828833161917745
2.0000000000000000 -0.0101859787766828 0.3446745793499563
2.0000000000000000 -0.0186789424474889 0.4500687654792386
2.0000000000000000 -0.0057985523932647 0.3660704482489230
2.0000000000000000 0.0306373557303411 0.2275455553551793
2.0000000000000000 -0.0501734671400650 0.4653322139099397
2.0000000000000000 -0.1055528448190571 0.4091630973360436
2.0000000000000000 -0.0025753830301889 0.4046823005054503
2.0000000000000000 -0.0147360057489099 0.2349264125036828
2.0000000000000000 0.0224487873412960 0.4559824261801759
2.0000000000000000 0.0998196741830681 0.2823768388907028
2.0000000000000000 -0.0548803025435278 0.3855668083627387
2.0000000000000000 0.0519341370136017 0.4140566879511633
2.0000000000000000 0.1195339597669449 0.4281059787785350
2.0000000000000000 0.1032280317244786 0.2319786317521782
2.0000000000000000 0.0002608038872942 0.2592751693392749
2.0000000000000000 0.0130942256676581 0.2857435364010151
2.0000000000000000 0.0280992777314502 0.1225011179025159
2.0000000000000000 -0.0225042507386559 0.2193332476890137
2.0000000000000000 0.1272099222005935 0.2938017293577741
2.0000000000000000 0.1586987029145091 0.3176411476866983
2.0000000000000000 0.0368037588367804 0.3000238734130743
2.0000000000000000 0.0698543434077749 0.2923180275330093
2.0000000000000000 -0.1088610406394661 0.3363134085267505
2.0000000000000000 0.0587807796032094 0.1898315626930098
2.0000000000000000 0.0437629340249003 0.2727367452125424
2.0000000000000000 -0.0422304417723658 0.2776860059418637
2.0000000000000000 0.0682042824154886 0.2841797890430028
2.0000000000000000 0.0398528230590675 0.2016999361100006
2.0000000000000000 0.0419286975998101 0.1491455406259656
2.0000000000000000 0.0548285371850150 0.2290279612717094
2.0000000000000000 0.0450198517509923 0.3038583510546483
2.0000000000000000 0.1243589195020050 0.3411398735824631
2.0000000000000000 0.1088856958593214 0.1838129689685925
2.0000000000000000 -0.0792545355012496 0.2514834881956924
2.0000000000000000 0.0016688204732065 0.2071991334228108
2.0000000000000000 0.1031590500742299 0.1974897936334012
2.0000000000000000 0.1253257440495222 0.1620543317302338
2.0000000000000000 0.0571979827997600 0.2451092495573161
2.0000000000000000 0.0373743109489135 0.0786567504743826
2.0000000000000000 0.0897594388917996 0.2774421717886604
2.0000000000000000 0.1591668579481581 0.1454754901077079
2.0000000000000000 0.0063085051487214 0.1549541142772153
2.0000000000000000 -0.0005156890040022 0.0358068063429654
2.0000000000000000 0.0121327828940572 0.1474588339556617
2.0000000000000000 0.0634127611000835 0.2027684792977033
2.0000000000000000 0.1379029117176706 0.1612597448797291
2.0000000000000000 0.1567565328510172 0.0683763974593015
2.0000000000000000 0.1144171545916122 0.1626519673450528
2.0000000000000000 0.1539885083122563 0.3228357773482334
2.0000000000000000 -0.0118176465187737 0.1329106277493032
2.0000000000000000 0.0040699282695627 0.1263015179082446
2.0000000000000000 0.0840194036120009 0.1848805920130742
2.0000000000000000 0.1246779287880529 0.1256661813595613
2.0000000000000000 0.0400069086855388 0.0989373624438758
2.0000000000000000 -0.0003209623843443 0.0731721883270349
2.0000000000000000 0.0727903138677857 0.1722652240704760
2.0000000000000000 0.0721104913015404 -0.0112302114637402
2.0000000000000000 0.1823588631341219 -0.0658551773523844
2.0000000000000000 0.0221457438880326 0.0990154328987467
2.0000000000000000 0.0261355700266815 0.0891357619717076
2.0000000000000000 0.2186243631961382 -0.0105606136406922
2.0000000000000000 0.1179380234131276 -0.0529289899292479
2.0000000000000000 0.2391318429043925 -0.0229306899193725
2.0000000000000000 0.1639444140390651 0.0598007185311974
2.0000000000000000 0.0473914714316333 -0.0134944734784328
2.0000000000000000 0.1458791406955117 -0.0347898068194399
2.0000000000000000 0.0477488492967394 0.0000483427694269
2.0000000000000000 0.1057045001733525 0.0609675838859607
2.0000000000000000 0.0367296724802659 -0.0461846083384710
2.0000000000000000 -0.0284971342494736 -0.0122327579605403
2.0000000000000000 0.1770086394113255 0.0500628791588886
2.0000000000000000 0.1987991073523264 0.0265262615197774
2.0000000000000000 0.1451146110155487 0.0574053579952727
2.0000000000000000 0.2232164271532837 -0.0905537727499865
2.0000000000000000 0.2371244089419672 -0.2095708192706802
2.0000000000000000 0.1271327500704437 0.0327425431210214
2.0000000000000000 0.1559093720493042 -0.1338048129566403
2.0000000000000000 0.2440791094992378 0.0838030902291494
2.0000000000000000 0.0488891152972663 -0.0182456555602137
2.0000000000000000 0.1838726705001461 -0.1283024097305325
2.0000000000000000 0.1673688159234233 -0.1940124769143517
2.0000000000000000 0.1450288732778984 0.0058100582972132
2.0000000000000000 0.1974525899015419 0.0019893173470606
2.0000000000000000 0.2029753351097864 -0.0428820107249109
2.0000000000000000 0.0986337786496594 -0.1751097263442366
2.0000000000000000 0.1814890546831238 -0.1513591680336180
2.0000000000000000 0.2881275557447173 -0.0532715998080325
2.0000000000000000 0.1964566015137989 -0.0039357919845106
2.0000000000000000 0.2638010586022372 -0.0814588736482621
2.0000000000000000 0.2213529280427934 -0.0940445746671381
2.0000000000000000 0.1840248509045870 -0.0861521258548687
2.0000000000000000 0.2953569080289987 -0.0088117176331679
2.0000000000000000 0.1950749666796329 -0.1064260981166894
2.0000000000000000 0.2220179907423602 -0.1361270169802374
2.0000000000000000 0.2752532848088497 -0.1705146248185860
2.0000000000000000 0.0528118240786130 -0.1082628614423676
2.0000000000000000 0.1184082720823387 -0.1421473317669059
2.0000000000000000 0.1527607570469769 -0.1905094774228445
2.0000000000000000 0.2302923078228471 -0.1850454153038160
2.0000000000000000 0.2251763896006312 -0.2366715901132643
2.0000000000000000 0.2480191406563287 -0.3830991122653156
2.0000000000000000 0.2649458245042973 -0.1927814543228953
2.0000000000000000 0.2746786144630251 -0.1878100568850293
2.0000000000000000 0.2777690156485819 -0.2660399407380962
2.0000000000000000 0.3054437986303367 -0.1633373483865536
2.0000000000000000 0.2756806965340645 -0.2402596818020727
2.0000000000000000 0.2731553634527474 -0.2280471049276321
2.0000000000000000 0.3261480774354790 -0.1566412157475175
2.0000000000000000 0.3098878520512384 -0.2460039901942063
2.0000000000000000 0.2334632603400804 -0.0642117023677174
2.0000000000000000 0.3492709602482283 -0.3255064212195931
2.0000000000000000 0.3240741653143969 -0.1933260755007788
2.0000000000000000 0.3295497422439765 -0.2468576065490343
2.0000000000000000 0.3502042085108132 -0.0943851579260566
2.0000000000000000 0.3513180224886425 -0.1995699185195135
2.0000000000000000 0.3053080284350657 -0.2413587424789400
2.0000000000000000 0.4015491624794669 -0.2121263748197516
2.0000000000000000 0.3774596993315348 -0.2125122787717502
2.0000000000000000 0.3637865108524779 -0.2612795613406317
2.0000000000000000 0.3410109131262441 -0.1571880646714044
2.0000000000000000 0.4032718577463427 -0.3380868041772162
2.0000000000000000 0.2199949271925372 -0.2309357700722825
2.0000000000000000 0.3496691890083538 -0.2850775079902000
2.0000000000000000 0.2119654828526423 -0.3980191443535631
2.0000000000000000 0.3832058254811624 -0.3498239136266221
2.0000000000000000 0.4371264595812198 -0.2335927405687655
2.0000000000000000 0.3464446718108232 -0.2003033385894077
2.0000000000000000 0.3485455446797051 -0.2813170662968061
2.0000000000000000 0.4724533647359340 -0.3050437169398530
2.0000000000000000 0.3409662622803936 -0.3565187359004280
2.0000000000000000 0.3941483979702188 -0.2974994175170221
2.0000000000000000 0.5098981918861105 -0.3637180568895268
2.0000000000000000 0.4240996354565560 -0.2394278464428505
2.0000000000000000 0.4760179530083505 -0.2983465704847587
2.0000000000000000 0.4683739853897818 -0.3918203003144122
2.0000000000000000 0.4215411572310549 -0.3151604667480959
2.0000000000000000 0.4147690933036737 -0.2978860958130365
2.0000000000000000 0.4615259216030012 -0.3545423005823160
2.0000000000000000 0.3603781700415559 -0.4209057662179464
2.0000000000000000 0.4458610710246868 -0.2511175307526542
2.0000000000000000 0.5199638869365688 -0.3809909887791425
2.0000000000000000 0.5163024654149119 -0.4572538702611554
2.0000000000000000 0.4769670947787257 -0.4378809159876787
2.0000000000000000 0.4692823721614924 -0.4060314840862005
2.0000000000000000 0.3643540265578026 -0.4617286403924206
2.0000000000000000 0.4496308542036318 -0.3191539347112969
2.0000000000000000 0.5977928469929127 -0.2857099582429636
2.0000000000000000 0.5060674910664495 -0.4188035227527208
2.0000000000000000 0.4070995191929521 -0.2805067224387293
2.0000000000000000 0.3950167550689738 -0.3224535919114093
2.0000000000000000 0.5120146294571644 -0.4098860387136176
2.0000000000000000 0.5604492382327865 -0.4443546924929672
2.0000000000000000 0.5681442250392479 -0.4612921996797649
2.0000000000000000 0.4935388428956597 -0.4772471494855221
2.0000000000000000 0.4758763259456592 -0.3365300421935153
2.0000000000000000 0.5647359542385082 -0.3298846467225587
2.0000000000000000 0.4897919964172079 -0.3383566486151219
2.0000000000000000 0.6336575260776687 -0.4347074183291645
2.0000000000000000 0.5821581423924429 -0.2978222523222495
2.0000000000000000 0.6649732072340867 -0.4899824040751448
2.0000000000000000 0.6250847484140415 -0.3244161597236707
2.0000000000000000 0.5510468561573745 -0.3803939062210229
2.0000000000000000 0.5920240890574531 -0.5335032509061824
2.0000000000000000 0.4816009393940134 -0.3605161456031964
2.0000000000000000 0.5940730786994963 -0.3721492612022186
2.0000000000000000 0.5593148434940654 -0.3468114672065727
2.0000000000000000 0.5647602958263357 -0.5070926994155699
2.0000000000000000 0.6839816936467032 -0.4183111380940092
2.0000000000000000 0.3940365070619187 -0.3680596725372581
2.0000000000000000 0.6205531703825117 -0.4408977357804469
2.0000000000000000 0.5795614511842604 -0.3639353242450155
2.0000000000000000 0.6399355491098465 -0.3187767747705120
2.0000000000000000 0.5751857954457790 -0.3761762835781531
2.0000000000000000 0.5341712881055714 -0.4169117471634616
2.0000000000000000 0.7217856327596279 -0.4616903667456509
2.0000000000000000 0.6290789471652192 -0.4780238961468563
2.0000000000000000 0.6744903724106746 -0.4422465489996673
2.0000000000000000 0.6977617006067064 -0.4028799154244310
2.0000000000000000 0.6285538184366282 -0.4454372116665934
2.0000000000000000 0.6368676665181581 -0.3840060629766598
2.0000000000000000 0.6578883748838181 -0.4896705339005769
2.0000000000000000 0.6843822245459587 -0.4308767785183896
2.0000000000000000 0.6894065368117365 -0.5493609721986027
2.0000000000000000 0.7342768048248909 -0.4615262610976021
2.0000000000000000 0.6608314649249054 -0.4157566246561651
2.0000000000000000 0.7079228755545418 -0.4837845002072830
2.0000000000000000 0.6506636125305351 -0.3980056165095954
2.0000000000000000 0.7035420987406832 -0.4421554607595571
2.0000000000000000 0.6545647082302528 -0.5763822435956162
2.0000000000000000 0.8076250699897776 -0.6270061473671676
2.0000000000000000 0.7824246623769672 -0.4991692532094530
2.0000000000000000 0.6737474857624068 -0.3849924501580492
2.0000000000000000 0.7892073303351610 -0.4241332430952267
2.0000000000000000 0.5706029425617423 -0.5472911750734237
2.0000000000000000 0.6914653036169193 -0.5560953760235485
2.0000000000000000 0.6151522324913477 -0.5158724158274125
2.0000000000000000 0.7935685077078952 -0.5682670167095106
2.0000000000000000 0.8183496103103036 -0.4907394113102835
2.0000000000000000 0.7288565104000185 -0.4487269143803442
2.0000000000000000 0.7604440431998341 -0.4969333525656764
2.0000000000000000 0.7538852010803885 -0.3461267986123741
2.0000000000000000 0.8543652767812819 -0.4435240944194399
2.0000000000000000 0.9072866155779418 -0.5593548349571568
2.0000000000000000 0.7869587185634102 -0.3706445261580972
2.0000000000000000 0.7734006257890369 -0.6731627384649326
2.0000000000000000 0.7762554998537169 -0.4383274193462101
2.0000000000000000 0.8739703952290282 -0.5171961216939048
2.0000000000000000 0.8965933779089609 -0.4483496436455308
2.0000000000000000 0.8563312427856180 -0.6060571134819888
2.0000000000000000 0.8260337997741636 -0.4005749837483930
2.0000000000000000 0.9211843656503602 -0.5014143584896474
2.0000000000000000 0.9444045439983375 -0.4578455301400758
2.0000000000000000 0.9081960626900848 -0.4506338504447301
2.0000000000000000 0.9246195452804301 -0.5109130480685754
2.0000000000000000 1.0341465846383546 -0.4701064700553589
2.0000000000000000 0.9189891014554399 -0.4253341209365845
2.0000000000000000 0.8561189919718858 -0.5279171884638438
2.0000000000000000 0.7813824837996091 -0.4205898999693030
2.0000000000000000 0.9475538003627951 -0.4364792705152533
2.0000000000000000 0.9651803075945400 -0.4825228884476054
2.0000000000000000 0.8854065394403473 -0.3456575662986727
2.0000000000000000 0.9588363236892836 -0.4772528616166882
2.0000000000000000 0.8922420056635857 -0.5101068183473748
2.0000000000000000 0.8920254211594159 -0.4646201697957973
2.0000000000000000 0.9370306350746626 -0.5897731043208939
2.0000000000000000 0.9718888006920499 -0.3317814158466216
2.0000000000000000 0.9130645846931177 -0.4941211525696470
2.0000000000000000 1.0565611927818044 -0.5417964625621539
2.0000000000000000 0.9729930596376443 -0.5743697521331437
2.0000000000000000 0.8862190033114166 -0.5700439903262714
2.0000000000000000 1.0198927685824950 -0.4861605334497440
2.0000000000000000 0.9294813019196065 -0.4092904971655091
2.0000000000000000 0.9738195553445643 -0.4218598630499715
2.0000000000000000 1.0378269986958459 -0.4735673342116414
2.0000000000000000 0.9177628242948238 -0.5137040773968579
2.0000000000000000 0.9079997691207609 -0.5483922416569593
2.0000000000000000 0.8765147053006769 -0.4766948021479150
2.0000000000000000 1.0322104312547755 -0.3616614878418906
2.0000000000000000 1.0210180122558246 -0.4698620748659746
2.0000000000000000 1.0197992150923068 -0.5253547771772553
2.0000000000000000 0.8971755528779950 -0.4576006516719436
2.0000000000000000 1.0328073588269777 -0.5862722062476817
2.0000000000000000 1.1157632419271613 -0.6066084111172932
2.0000000000000000 1.0476094713024173 -0.5528102661565787
2.0000000000000000 1.0842156209059162 -0.4675768004141372
2.0000000000000000 1.0001114747265916 -0.3998356713605513
2.0000000000000000 1.1925008364297858 -0.4108072373727500
2.0000000000000000 1.0368585170556812 -0.6047396512528194
2.0000000000000000 1.1504912866043253 -0.4435429231398663
2.0000000000000000 1.1153073516435117 -0.5084869529655592
2.0000000000000000 1.0483043488584503 -0.4468907208166679
2.0000000000000000 1.1201400969503250 -0.4086736564845497
2.0000000000000000 1.1331416422573637 -0.5271984986440372
2.0000000000000000 1.1247004044176871 -0.4362560649590553
2.0000000000000000 1.0935900743023044 -0.4923675457701261
2.0000000000000000 1.2058966620044438 -0.4284567944420190
2.0000000000000000 1.0708126538101812 -0.5325782044316250
2.0000000000000000 1.2163003039898441 -0.5373592013889318
2.0000000000000000 1.0017246241045163 -0.4862944881401955
2.0000000000000000 1.2408753037767770 -0.4854735607118271
2.0000000000000000 1.1909987243591453 -0.4557147392687588
2.0000000000000000 1.0824661219945297 -0.3861605203724001
2.0000000000000000 1.1526214935596002 -0.4955174650151195
2.0000000000000000 1.3003618715475682 -0.4399359389574834
2.0000000000000000 0.9972754729347193 -0.5212305752409937
2.0000000000000000 1.0932835212456400 -0.5001247993774889
2.0000000000000000 1.2408504628867201 -0.4291597735501286
2.0000000000000000 1.2532839871899752 -0.4857258416240228
2.0000000000000000 1.1943323437915989 -0.5385254449921912
2.0000000000000000 1.1481741012997384 -0.3335759466821815
2.0000000000000000 1.1325398272647635 -0.3684577064474037
2.0000000000000000 1.3845701265285881 -0.4585984011536675
2.0000000000000000 1.3115743670208067 -0.6220642058258344
2.0000000000000000 1.2748610945025245 -0.4863359918729426
2.0000000000000000 1.2440201784883886 -0.5685042793383949
2.0000000000000000 1.1570271912992069 -0.4944148754705956
2.0000000000000000 1.3381363469741137 -0.4992635484331225
2.0000000000000000 1.2698202737218849 -0.3986465525936171
2.0000000000000000 1.1578104495831065 -0.4688010852135734
2.0000000000000000 1.1955262898671928 -0.5833103912642974
2.0000000000000000 1.2756909722436265 -0.4493941859111871
2.0000000000000000 1.3298169451328505 -0.4188625580504921
2.0000000000000000 1.3180138869035940 -0.5029141232389044
2.0000000000000000 1.3214917551000540 -0.5741701916385608
2.0000000000000000 1.2978841290465180 -0.4506510019013226
2.0000000000000000 1.3790213845292836 -0.3490784740635489
2.0000000000000000 1.2832979755684744 -0.3645049311470580
2.0000000000000000 1.3271444368441137 -0.5090828068848191
2.0000000000000000 1.3462702670949673 -0.5241127405124220
2.0000000000000000 1.4250938422392716 -0.4863471922022702
2.0000000000000000 1.4654635756220133 -0.4948577011764473
2.0000000000000000 1.3151633742682562 -0.3799649494080178
2.0000000000000000 1.3171020675666190 -0.4797005251477489
2.0000000000000000 1.4971195622273814 -0.2840840867069020
2.0000000000000000 1.3444544129403593 -0.3364134945482241
2.0000000000000000 1.4587164878856909 -0.3994586124541528
2.0000000000000000 1.4250005740896234 -0.5723402667004212
2.0000000000000000 1.5017584002831112 -0.3896975801299071
2.0000000000000000 1.3089141973385037 -0.4135057047005496
2.0000000000000000 1.4188677479282186 -0.4193601226415031
2.0000000000000000 1.3580226983552959 -0.4567728561335657
2.0000000000000000 1.3526709198766891 -0.4138337034075487
2.0000000000000000 1.4304565121603128 -0.4894994073011532
2.0000000000000000 1.2852955160035335 -0.5579197943516225
2.0000000000000000 1.4564541866548755 -0.3982538710207137
2.0000000000000000 1.5916192831914551 -0.3432436939098736
2.0000000000000000 1.4732751382191294 -0.4044871746581047
2.0000000000000000 1.5274140810368020 -0.2951903730758904
2.0000000000000000 1.3817824298999108 -0.3630432228079567
2.0000000000000000 1.3878083015391633 -0.4025264195220148
2.0000000000000000 1.5799996652136792 -0.4439142299883528
2.0000000000000000 1.5665657114474631 -0.3532072537129602
2.0000000000000000 1.5614308148956371 -0.2921606189604385
2.0000000000000000 1.4707259858627493 -0.3904464445495788
2.0000000000000000 1.5110055765481754 -0.3266717492162053
2.0000000000000000 1.5026659289067406 -0.4251940966014361
2.0000000000000000 1.4056074428339220 -0.3107548548731397
2.0000000000000000 1.4769028900763832 -0.4230173664723659
2.0000000000000000 1.5031463467013169 -0.3696329757311905
2.0000000000000000 1.4707000062253723 -0.3829311915782759
2.0000000000000000 1.5843530071598326 -0.4198201198420479
2.0000000000000000 1.4575058912476950 -0.2810635768853872
2.0000000000000000 1.5452820626878012 -0.4232955935530214
2.0000000000000000 1.5247657628337234 -0.3608950907107274
2.0000000000000000 1.6017915372844544 -0.2214146255441510
2.0000000000000000 1.6278204579303404 -0.4878889547444368
2.0000000000000000 1.5937471070146132 -0.3376747564247961
2.0000000000000000 1.4310660917425506 -0.3207296511236478
2.0000000000000000 1.6360849799369770 -0.3768280202914887
2.0000000000000000 1.5989171847175079 -0.2653326784941477
2.0000000000000000 1.6570853179872083 -0.3212146921434946
2.0000000000000000 1.4656382727889337 -0.3616877793344070
2.0000000000000000 1.5827212350529325 -0.1969132713492326
2.0000000000000000 1.5556196636827253 -0.2734031542002466
2.0000000000000000 1.5918829852733922 -0.3723008745477348
2.0000000000000000 1.7297279108245498 -0.3508570541123004
2.0000000000000000 1.4678001671849248 -0.4510422447158271
2.0000000000000000 1.6617988063648432 -0.3383703659886233
2.0000000000000000 1.6470169323079480 -0.2277324019842597
2.0000000000000000 1.6088266139830010 -0.2523365126952883
2.0000000000000000 1.6279944838667184 -0.3091957431047129
2.0000000000000000 1.6770049008494490 -0.2304183988930408
2.0000000000000000 1.6046847506829041 -0.1622421207814186
2.0000000000000000 1.5732192109267209 -0.1490098212152133
2.0000000000000000 1.6681762509186668 -0.1957076030653721
2.0000000000000000 1.6742029807786454 -0.3077809085096766
2.0000000000000000 1.5945680984778694 -0.2847213210060358
2.0000000000000000 1.5262741939032760 -0.0886804242857012
2.0000000000000000 1.7577243744777336 -0.3176193077956518
2.0000000000000000 1.6620274746458368 -0.2197481148623992
2.0000000000000000 1.7304755292953833 -0.2660331795151155
2.0000000000000000 1.6613316031205971 -0.1401797030855541
2.0000000000000000 1.7211683145268648 -0.1804863595942472
2.0000000000000000 1.7508723301184903 -0.2404597908927228
2.0000000000000000 1.6755099373305098 -0.2875907002310357
2.0000000000000000 1.6408139404987443 -0.2642448214988619
2.0000000000000000 1.6851918728756237 -0.2160797553485792
2.0000000000000000 1.7191553991811430 -0.3601070701052162
2.0000000000000000 1.7296418611312379 -0.2499514041628217
2.0000000000000000 1.6213204280771429 -0.2607648171268839
2.0000000000000000 1.7588722981339799 -0.2688893960915720
2.0000000000000000 1.6604568225366674 -0.0601606781518978
2.0000000000000000 1.7832552501096035 -0.0545821766604586
2.0000000000000000 1.6456787723685775 -0.2660847531069800
2.0000000000000000 1.8449037911160264 -0.1554647717359013
2.0000000000000000 1.7289202040349156 -0.1937903582298075
2.0000000000000000 1.7492158112947873 -0.0824480288975386
2.0000000000000000 1.7798770054139614 -0.1115378935941072
2.0000000000000000 1.7855964535926176 -0.0588201488648956
2.0000000000000000 1.7436828082739952 -0.1475307046473507
2.0000000000000000 1.7519279404505221 -0.1046211352836146
2.0000000000000000 1.7903635312448254 -0.0853723396216133
2.0000000000000000 1.8038865131613984 -0.1882497923113479
2.0000000000000000 1.7723351085178385 -0.2300170060714966
2.0000000000000000 1.6613464434410161 -0.2732944523076008
2.0000000000000000 1.7336336555680498 -0.0360484763466591
2.0000000000000000 1.6767306142493943 -0.1433782730770373
2.0000000000000000 1.7227670695404331 0.0258014016641375
2.0000000000000000 1.8400291369450801 -0.1915468248122026
2.0000000000000000 1.7682815163195982 -0.1178084025795467
2.0000000000000000 1.8842641226479788 -0.0215107096313685
2.0000000000000000 1.9316813521558891 -0.0837311007507730
2.0000000000000000 1.8058070075644446 -0.1925900263037427
2.0000000000000000 1.8135857706475944 -0.1284307727024742
2.0000000000000000 1.7639360453958977 -0.1153153859513207
2.0000000000000000 1.8665089765035898 -0.1320661451156727
2.0000000000000000 1.7727754811680039 -0.1276654370987091
2.0000000000000000 1.8186932295842979 -0.0297756650957278
2.0000000000000000 1.8326232554935427 0.0591552557430979
2.0000000000000000 1.7876466761816672 -0.0746741801861923
2.0000000000000000 1.8762098338323787 -0.0688737297740777
2.0000000000000000 1.8199434076258874 -0.0815663196020015
2.0000000000000000 1.7980608174168378 -0.1007519919358228
2.0000000000000000 1.8325091046685866 -0.0687295122864843
2.0000000000000000 1.9088845837656023 -0.0485621698920867
2.0000000000000000 1.9506014774409293 -0.0439357698871016
2.0000000000000000 1.8566820730712756 -0.0390440258857607
2.0000000000000000 1.8181752782300340 -0.1435462927668709
2.0000000000000000 1.8486266603085200 -0.0530210673332145
2.0000000000000000 1.9007372910019378 0.0442380395276364
2.0000000000000000 1.8211500971763825 -0.0787364150320461
2.0000000000000000 1.9777727272987244 0.0773016877469664
2.0000000000000000 1.7947033871085323 -0.0016391814601076
2.0000000000000000 1.7281966968280287 0.1278007816654552
2.0000000000000000 1.8664824742549107 0.0684968242673700
2.0000000000000000 1.8306405776323476 0.0937402027894897
2.0000000000000000 1.8916328676078014 0.0781768442509317
2.0000000000000000 1.6987217068893872 -0.1221498513719382
2.0000000000000000 1.8506121887548879 0.1141640590731538
2.0000000000000000 1.9286517008323567 -0.0096243620562463
2.0000000000000000 1.8559077016845344 0.0622728254507371
2.0000000000000000 1.7519540488317480 0.0981634749166099
2.0000000000000000 1.9294561784575737 -0.0155205584338814
2.0000000000000000 1.9583705192329099 0.0721895435271705
2.0000000000000000 1.9436934633876433 -0.0769352309806762
2.0000000000000000 1.9403772994699446 0.0535758345955580
2.0000000000000000 1.7759814309203461 -0.0039877166971275
2.0000000000000000 1.8945974157672552 0.0678863999181731
2.0000000000000000 1.9415409023104369 0.1586018716215667
2.0000000000000000 1.8952071092337046 0.1573876940204103
2.0000000000000000 1.9952752746447424 0.1257107213218338
2.0000000000000000 2.0196110388291633 0.0585597298875256
2.0000000000000000 1.8904059224127201 0.1033207220092546
2.0000000000000000 1.8129091415868972 0.0596262315851354
2.0000000000000000 2.0084627624359617 0.0852299434665608
2.0000000000000000 1.8699176977967811 0.2037299369903545
2.0000000000000000 1.8109534668267067 0.1528257766652185
2.0000000000000000 1.8172103856015986 0.1018654130416526
2.0000000000000000 2.0857586035738818 0.1361338156060148
2.0000000000000000 1.8685071602080896 0.0918349828078083
2.0000000000000000 1.8946847613273432 0.2490710046696157
2.0000000000000000 1.8531677840162617 0.2468072831990593
2.0000000000000000 1.9104378737778678 0.2003781473206551
2.0000000000000000 2.0093355596495925 0.0953907474578423
2.0000000000000000 1.9888112526578017 0.0060601479319691
2.0000000000000000 1.8547852939102456 0.0935067272868964
2.0000000000000000 1.8214495986941976 0.3018714014730565
2.0000000000000000 1.9473377643647771 0.2509309973417492
2.0000000000000000 1.9899070299230659 0.1206845253771803
2.0000000000000000 1.9047988440049679 0.2140864695395205
2.0000000000000000 1.9098863986168022 0.0693389766485093
2.0000000000000000 2.0909000728280307 0.2564517634667901
2.0000000000000000 1.8128472681551384 0.1929702024741047
2.0000000000000000 2.0607935871484879 0.1837597134964666
2.0000000000000000 1.9425250728635377 0.2958035092263924
2.0000000000000000 2.0543903146610547 0.2243276439108520
2.0000000000000000 2.1015981012666725 0.2933810422547178
2.0000000000000000 1.9434871750147460 0.2602516983265196
2.0000000000000000 2.0174906863584794 0.2797332213806603
2.0000000000000000 2.0670584015885245 0.2287071634098743
2.0000000000000000 1.9495195768170936 0.3923310869700824
2.0000000000000000 2.0736597371185437 0.3758953954296156
2.0000000000000000 2.0062675722483667 0.3269355948667940
2.0000000000000000 1.9820230349550323 0.2677583854161688
2.0000000000000000 1.9298532442091429 0.1942753708036007
2.0000000000000000 2.0514057873876888 0.4749056241964291
2.0000000000000000 2.1024304204231123 0.2669431012282485
2.0000000000000000 1.9691025992999829 0.3491773886394811
2.0000000000000000 1.9617157540451331 0.2007545845580439
2.0000000000000000 1.9567641695868918 0.4362614585057436
2.0000000000000000 1.9372673372622637 0.3517950855798677
2.0000000000000000 1.9089702319452557 0.4098480461837563
2.0000000000000000 1.9938781376774728 0.3668723660378588
2.0000000000000000 1.8204139542949584 0.3944817028198364
2.0000000000000000 2.0217461284673357 0.3621973634014421
2.0000000000000000 2.0211725937152094 0.4363011327262902
2.0000000000000000 1.9424812660801722 0.3466584645355484
2.0000000000000000 2.1792648686719067 0.3216543562482425
2.0000000000000000 1.9374854271339450 0.3411380183005882
2.0000000000000000 2.0036492427222994 0.5149029734199371
2.0000000000000000 1.8802859670292906 0.5510318966366057
2.0000000000000000 1.8628319384919141 0.3592969693755552
2.0000000000000000 1.9833395154570004 0.3654386958247759
2.0000000000000000 2.1132558388993132 0.5690555136248088
2.0000000000000000 1.9490556012902247 0.4823714596834159
2.0000000000000000 1.9662759325845851 0.5449177219170014
2.0000000000000000 2.0433048902266648 0.4643177551960974
2.0000000000000000 1.9637624041720756 0.4986812765239189
2.0000000000000000 2.0831103024456255 0.4496394244440756
2.0000000000000000 2.0193858881429234 0.4835256875233299
2.0000000000000000 2.0957419192683053 0.4398644592411763
2.0000000000000000 1.9664032660575883 0.5023973037395209
2.0000000000000000 1.9279968653680493 0.6847436102747594
2.0000000000000000 1.8508742692781124 0.3636752728523467
2.0000000000000000 2.0127578834034372 0.3850536666570554