0.0000000000000000 -1.5707963267948966 0.0000000000000002
0.0000000000000000 -1.5804801780680393 -0.0316138188496162
0.0000000000000000 -1.5895238594093526 -0.0636148859350711
0.0000000000000000 -1.5979157577329572 -0.0959901613122002
0.0000000000000000 -1.6056445270551447 -0.1287262955024816
0.0000000000000000 -1.6126990962282464 -0.1618096349925635
0.0000000000000000 -1.6190686765607372 -0.1952262279192789
0.0000000000000000 -1.6247427693192442 -0.2289618299377824
0.0000000000000000 -1.6297111731081895 -0.2630019102703476
0.0000000000000000 -1.6339639911228387 -0.2973316579332661
0.0000000000000000 -1.6374916382715912 -0.3319359881391886
0.0000000000000000 -1.6402848481633905 -0.3667995488721600
0.0000000000000000 -1.6423346799562053 -0.4019067276324989
0.0000000000000000 -1.6436325250625805 -0.4372416583485816
0.0000000000000000 -1.6441701137083262 -0.4727882284525074
0.0000000000000000 -1.6439395213404755 -0.5085300861165013
0.0000000000000000 -1.6429331748807066 -0.5444506476468803
0.0000000000000000 -1.6411438588204965 -0.5805331050322404
0.0000000000000000 -1.6385647211543393 -0.6167604336425155
0.0000000000000000 -1.6351892791474405 -0.6531154000754182
0.0000000000000000 -1.6310114249343652 -0.6895805701467156
0.0000000000000000 -1.6260254309452034 -0.7261383170207051
0.0000000000000000 -1.6202259551558840 -0.7627708294771750
0.0000000000000000 -1.6136080461593592 -0.7994601203110555
0.0000000000000000 -1.6061671480544508 -0.8361880348608928
0.0000000000000000 -1.5978991051492457 -0.8729362596621975
0.0000000000000000 -1.5888001664760019 -0.9096863312216549
0.0000000000000000 -1.5788669901146219 -0.9464196449081022
0.0000000000000000 -1.5680966473218330 -0.9831174639561179
0.0000000000000000 -1.5564866264633053 -1.0197609285779969
0.0000000000000000 -1.5440348367460335 -1.0563310651798172
0.0000000000000000 -1.5307396117483931 -1.0928087956772465
0.0000000000000000 -1.5165997127453894 -1.1291749469066679
0.0000000000000000 -1.5016143318266952 -1.1654102601271534
0.0000000000000000 -1.4857830948051944 -1.2014954006087448
0.0000000000000000 -1.4691060639138196 -1.2374109673024607
0.0000000000000000 -1.4515837402885992 -1.2731375025873775
0.0000000000000000 -1.4332170662359054 -1.3086555020901061
0.0000000000000000 -1.4140074272820244 -1.3439454245718949
0.0000000000000000 -1.3939566540032375 -1.3789877018786127
0.0000000000000000 -1.3730670236347535 -1.4137627489487250
0.0000000000000000 -1.3513412614568847 -1.4482509738744427
0.0000000000000000 -1.3287825419570183 -1.4824327880110779
0.0000000000000000 -1.3053944897659970 -1.5162886161297009
0.0000000000000000 -1.2811811803676709 -1.5497989066080637
0.0000000000000000 -1.2561471405804507 -1.5829441416548167
0.0000000000000000 -1.2302973488098534 -1.6157048475619209
0.0000000000000000 -1.2036372350710816 -1.6480616049802219
0.0000000000000000 -1.1761726807808546 -1.6799950592130377
0.0000000000000000 -1.1479100183177589 -1.7114859305226735
0.0000000000000000 -1.1188560303505566 -1.7425150244446761
0.0000000000000000 -1.0890179489339502 -1.7730632421046988
0.0000000000000000 -1.0584034543714611 -1.8031115905327630
0.0000000000000000 -1.0270206738451697 -1.8326411929697382
0.0000000000000000 -0.9948781798121779 -1.8616332991608298
0.0000000000000000 -0.9619849881677772 -1.8900692956308682
0.0000000000000000 -0.9283505561754333 -1.9179307159361589
0.0000000000000000 -0.8939847801637891 -1.9451992508876885
0.0000000000000000 -0.8588979929910149 -1.9718567587404585
0.0000000000000000 -0.8231009612769500 -1.9978852753437264
0.0000000000000000 -0.7866048824036098 -2.0232670242469282
0.0000000000000000 -0.7494213812847269 -2.0479844267560741
0.0000000000000000 -0.7115625069051013 -2.0720201119354367
0.0000000000000000 -0.6730407286307112 -2.0953569265493051
0.0000000000000000 -0.6338689322905557 -2.1179779449386715
0.0000000000000000 -0.5940604160314218 -2.1398664788276576
0.0000000000000000 -0.5536288859467777 -2.1610060870545769
0.0000000000000000 -0.5125884514812155 -2.1813805852224846
0.0000000000000000 -0.4709536206118709 -2.2009740552641617
0.0000000000000000 -0.4287392948084751 -2.2197708549164319
0.0000000000000000 -0.3859607637736899 -2.2377556270988181
0.0000000000000000 -0.3426336999656106 -2.2549133091915015
0.0000000000000000 -0.2987741529043125 -2.2712291422076505
0.0000000000000000 -0.2543985432645369 -2.2866886798551680
0.0000000000000000 -0.2095236567566523 -2.3012777974829781
0.0000000000000000 -0.1641666377981550 -2.3149827009070143
0.0000000000000000 -0.1183449829780905 -2.3277899351110909
0.0000000000000000 -0.0720765343168923 -2.3396863928179235
0.0000000000000000 -0.0253794723242220 -2.3506593229255750
0.0000000000000000 0.0217276911425003 -2.3606963388046953
0.0000000000000000 0.0692261202160598 -2.3697854264519402
0.0000000000000000 0.1170966625509913 -2.3779149524950407
0.0000000000000000 0.1653198570456981 -2.3850736720450296
0.0000000000000000 0.2138759417520428 -2.3912507363912185
0.0000000000000000 0.2627448619691859 -2.3964357005345582
0.0000000000000000 0.3119062785183523 -2.4006185305550933
0.0000000000000000 0.3613395761951190 -2.4037896108092931
0.0000000000000000 0.4110238723957422 -2.4059397509531006
0.0000000000000000 0.4609380259138652 -2.4070601927866253
0.0000000000000000 0.5110606459039805 -2.4071426169164680
0.0000000000000000 0.5613701010077851 -2.4061791492317570
0.0000000000000000 0.6118445286396240 -2.4041623671900383
0.0000000000000000 0.6624618444269823 -2.4010853059092567
0.0000000000000000 0.7131997518020405 -2.3969414640621403
0.0000000000000000 0.7640357517400876 -2.3917248095693835
0.0000000000000000 0.8149471526406331 -2.3854297850881228
0.0000000000000000 0.8659110803468480 -2.3780513132922714
0.0000000000000000 0.9169044882990139 -2.3695848019413783
0.0000000000000000 0.9679041678174651 -2.3600261487347796
0.0000000000000000 1.0188867585105079 -2.3493717459478791
0.0000000000000000 1.0698287588027096 -2.3376184848475137
0.0000000000000000 1.1207065365788673 -2.3247637598834490
0.0000000000000000 1.1714963399388880 -2.3108054726531435
0.0000000000000000 1.2221743080587690 -2.2957420356370393
0.0000000000000000 1.2727164821527992 -2.2795723757017079
0.0000000000000000 1.3230988165320172 -2.2622959373683180
0.0000000000000000 1.3732971897539108 -2.2439126858439771
0.0000000000000000 1.4232874158582842 -2.2244231098136131
0.0000000000000000 1.4730452556841838 -2.2038282239901625
0.0000000000000000 1.5225464282626806 -2.1821295714209472
0.0000000000000000 1.5717666222802700 -2.1593292255482446
0.0000000000000000 1.6206815076076115 -2.1354297920221428
0.0000000000000000 1.6692667468882794 -2.1104344102638986
0.0000000000000000 1.7174980071821460 -2.0843467547781396
0.0000000000000000 1.7653509716579587 -2.0571710362123530
0.0000000000000000 1.8128013513296655 -2.0289120021622287
0.0000000000000000 1.8598248968309967 -1.9995749377215331
0.0000000000000000 1.9063974102227612 -1.9691656657753169
0.0000000000000000 1.9524947568272792 -1.9376905470353818
0.0000000000000000 1.9980928770843815 -1.9051564798170391
0.0000000000000000 2.0431677984233243 -1.8715708995563265
0.0000000000000000 2.0876956471449994 -1.8369417780669619
0.0000000000000000 2.1316526603087524 -1.8012776225364329
0.0000000000000000 2.1750151976181180 -1.7645874742607697
0.0000000000000000 2.2177597532997702 -1.7268809071176345
0.0000000000000000 2.2598629679699731 -1.6881680257775067
0.0000000000000000 2.3013016404827962 -1.6484594636528584
0.0000000000000000 2.3420527397543429 -1.6077663805853613
0.0000000000000000 2.3820934165572569 -1.5661004602712594
0.0000000000000000 2.4214010152797538 -1.5234739074251811
0.0000000000000000 2.4599530856434311 -1.4798994446827907
0.0000000000000000 2.4977273943740896 -1.4353903092428171
0.0000000000000000 2.5347019368198396 -1.3899602492491006
0.0000000000000000 2.5708549485107510 -1.3436235199134272
0.0000000000000000 2.6061649166543193 -1.2963948793800626
0.0000000000000000 2.6406105915610265 -1.2482895843330133
0.0000000000000000 2.6741709979943060 -1.1993233853471712
0.0000000000000000 2.7068254464392330 -1.1495125219846039
0.0000000000000000 2.7385535442842830 -1.0988737176374026
0.0000000000000000 2.7693352069105086 -1.0474241741186252
0.0000000000000000 2.7991506686825405 -0.9951815660029781
0.0000000000000000 2.8279804938358324 -0.9421640347190020
0.0000000000000000 2.8558055872546042 -0.8883901823946670
0.0000000000000000 2.8826072051349527 -0.8338790654584143
0.0000000000000000 2.9083669655276823 -0.7786501879977578
0.0000000000000000 2.9330668587553959 -0.7227234948777401
0.0000000000000000 2.9566892576984740 -0.6661193646215987
0.0000000000000000 2.9792169279445817 -0.6088586020561597
0.0000000000000000 3.0006330377964048 -0.5509624307245933
0.0000000000000000 3.0209211681323698 -0.4924524850692616
0.0000000000000000 3.0400653221151570 -0.4333508023875068
0.0000000000000000 3.0580499347428614 -0.3736798145633624
0.0000000000000000 3.0748598822377144 -0.3134623395782885
0.0000000000000000 3.0904804912673587 -0.2527215728041217
0.0000000000000000 3.1048975479937098 -0.1914810780815452
0.0000000000000000 3.1180973069445175 -0.1297647785875133
0.0000000000000000 3.1300664997028020 -0.0675969474951794
0.0000000000000000 3.1407923434094114 -0.0050021984299600
0.0000000000000000 3.1502625490740264 0.0579945242745250
0.0000000000000000 3.1584653296900047 0.1213679555167674
0.0000000000000000 3.1653894081485383 0.1850925195599690
0.0000000000000000 3.1710240249476831 0.2491423403528703
0.0000000000000000 3.1753589456918960 0.3134912520346565
0.0000000000000000 3.1783844683777991 0.3781128096196659
0.0000000000000000 3.1800914304619821 0.4429802998575285
0.0000000000000000 3.1804712157067416 0.5080667522642875
0.0000000000000000 3.1795157607997466 0.5733449503199675
0.0000000000000000 3.1772175617437100 0.6387874428279309
0.0000000000000000 3.1735696800122515 0.7043665554312807
0.0000000000000000 3.1685657484682168 0.7700544022815121
0.0000000000000000 3.1621999770408462 0.8358228978544806
0.0000000000000000 3.1544671581582455 0.9016437689087233
0.0000000000000000 3.1453626719317653 0.9674885665810464
0.0000000000000000 3.1348824910889537 1.0333286786142142
0.0000000000000000 3.1230231856518902 1.0991353417115199
0.0000000000000000 3.1097819273577936 1.1648796540129471
0.0000000000000000 3.0951564938189167 1.2305325876875282
0.0000000000000000 3.0791452724188586 1.2960650016364406
0.0000000000000000 3.0617472639425296 1.3614476543013341
0.0000000000000000 3.0429620859371220 1.4266512165723162
0.0000000000000000 3.0227899758015520 1.4916462847899363
0.0000000000000000 3.0012317936019803 1.5564033938354493
0.0000000000000000 2.9782890246111058 1.6208930303036015
0.0000000000000000 2.9539637815690631 1.6850856457521270
0.0000000000000000 2.9282588066638833 1.7489516700220644
0.0000000000000000 2.9011774732295996 1.8124615246229572
0.0000000000000000 2.8727237871601923 1.8755856361769676
0.0000000000000000 2.8429023880377038 1.9382944499158985
0.0000000000000000 2.8117185499729809 2.0005584432250387
0.0000000000000000 2.7791781821576320 2.0623481392277223
0.0000000000000000 2.7452878291259202 2.1236341204044638
0.0000000000000000 2.7100546707254169 2.1843870422404996
0.0000000000000000 2.6734865217954056 2.2445776468955239
0.0000000000000000 2.6355918315521567 2.3041767768893484
0.0000000000000000 2.5963796826802876 2.3631553887972641
0.0000000000000000 2.5558597901296083 2.4214845669487697
0.0000000000000000 2.5140424996169459 2.4791355371233963
0.0000000000000000 2.4709387858325913 2.5360796802372731
0.0000000000000000 2.4265602503511623 2.5922885460140881
0.0000000000000000 2.3809191192467964 2.6477338666340859
0.0000000000000000 2.3340282404127017 2.7023875703547620
0.0000000000000000 2.2859010805852744 2.7562217950968497
0.0000000000000000 2.2365517220731244 2.8092089019892175
0.0000000000000000 2.1859948591914171 2.8613214888663450
0.0000000000000000 2.1342457944022057 2.9125324037119338
0.0000000000000000 2.0813204341614076 2.9628147580423563
0.0000000000000000 2.0272352844733721 3.0121419402235148
0.0000000000000000 1.9720074461540178 3.0604876287147964
0.0000000000000000 1.9156546098036638 3.1078258052337944
0.0000000000000000 1.8581950504909071 3.1541307678354271
0.0000000000000000 1.7996476221488888 3.1993771438992238
0.0000000000000000 1.7400317516855857 3.2435399030184282
0.0000000000000000 1.6793674328097459 3.2865943697847326
0.0000000000000000 1.6176752195743791 3.3285162364623639
0.0000000000000000 1.5549762196396859 3.3692815755453815
0.0000000000000000 1.4912920872576088 3.4088668521919772
0.0000000000000000 1.4266450159801582 3.4472489365297174
0.0000000000000000 1.3610577310939675 3.4844051158255884
0.0000000000000000 1.2945534817834869 3.5203131065148652
0.0000000000000000 1.2271560330255473 3.5549510660827650
0.0000000000000000 1.1588896572179577 3.5882976047929929
0.0000000000000000 1.0897791255451319 3.6203317972572444
0.0000000000000000 1.0198496990836694 3.6510331938398797
0.0000000000000000 0.9491271196511398 3.6803818318919448
0.0000000000000000 0.8776376004012526 3.7083582468088769
0.0000000000000000 0.8054078161689173 3.7349434829061856
0.0000000000000000 0.7324648935686213 3.7601191041075790
0.0000000000000000 0.6588364008498828 3.7838672044399688
0.0000000000000000 0.5845503375134498 3.8061704183299496
0.0000000000000000 0.5096351236922460 3.8270119306963437
0.0000000000000000 0.4341195893009732 3.8463754868335491
0.0000000000000000 0.3580329629586109 3.8642454020804426
0.0000000000000000 0.2814048606879562 3.8806065712697353
0.0000000000000000 0.2042652743966550 3.8954444779527044
0.0000000000000000 0.1266445601441639 3.9087452033943508
0.0000000000000000 0.0485734261991999 3.9204954353341139
0.0000000000000000 -0.0299170791075419 3.9306824765073460
0.0000000000000000 -0.1087955797307043 3.9392942529228776
0.0000000000000000 -0.1880303844525957 3.9463193218920658
0.0000000000000000 -0.2675894996156286 3.9517468798048547
0.0000000000000000 -0.3474406420396408 3.9555667696484309
0.0000000000000000 -0.4275512521189931 3.9577694882642191
0.0000000000000000 -0.5078885070940450 3.9583461933390085
0.0000000000000000 -0.5884193344916320 3.9572887101261589
0.0000000000000000 -0.6691104257290804 3.9545895378929123
0.0000000000000000 -0.7499282498760977 3.9502418560899661
0.0000000000000000 -0.8308390675689192 3.9442395302395670
0.0000000000000000 -0.9118089450708807 3.9365771175385165
0.0000000000000000 -0.9928037684736855 3.9272498721725717
0.0000000000000000 -1.0737892580332471 3.9162537503388788
0.0000000000000000 -1.1547309826343137 3.9035854149731644
0.0000000000000000 -1.2355943743775970 3.8892422401785613
0.0000000000000000 -1.3163447432833659 3.8732223153530532
0.0000000000000000 -1.3969472921052257 3.8555244490126617
0.0000000000000000 -1.4773671312477947 3.8361481723076181
0.0000000000000000 -1.5575692937818748 3.8150937422289037
0.0000000000000000 -1.6375187505507964 3.7923621445026545
0.0000000000000000 -1.7171804253612613 3.7679550961701005
0.0000000000000000 -1.7965192102523502 3.7418750478507805
0.0000000000000000 -1.8754999808359116 3.7141251856869872
0.0000000000000000 -1.9540876117017809 3.6847094329674666
0.0000000000000000 -2.0322469918810921 3.6536324514285710
0.0000000000000000 -2.1099430403609403 3.6208996422311999
0.0000000000000000 -2.1871407216435625 3.5865171466120125
0.0000000000000000 -2.2638050613433096 3.5504918462074819
0.0000000000000000 -2.3399011618143639 3.5128313630496248
0.0000000000000000 -2.4153942178024934 3.4735440592322235
0.0000000000000000 -2.4902495321137379 3.4326390362466594
0.0000000000000000 -2.5644325312931606 3.3901261339865121
0.0000000000000000 -2.6379087813066397 3.3460159294202705
0.0000000000000000 -2.7106440032186860 3.3003197349316551
0.0000000000000000 -2.7826040888592711 3.2530495963271666
0.0000000000000000 -2.8537551164725659 3.2042182905106862
0.0000000000000000 -2.9240633663406403 3.1538393228249793
0.0000000000000000 -2.9934953363748806 3.1019269240603036
0.0000000000000000 -3.0620177576682441 3.0484960471302252
0.0000000000000000 -3.1295976100010954 2.9935623634151334
0.0000000000000000 -3.1962021372936515 2.9371422587739184
0.0000000000000000 -3.2617988629979235 2.8792528292245234
0.0000000000000000 -3.3263556054220507 2.8199118762942157
0.0000000000000000 -3.3898404929800554 2.7591379020405080
0.0000000000000000 -3.4522219793598472 2.6969501037439372
0.0000000000000000 -3.5134688586025389 2.6333683682739357
0.0000000000000000 -3.5735502800859860 2.5684132661292702
0.0000000000000000 -3.6324357634056490 2.5021060451545551
0.0000000000000000 -3.6900952131456934 2.4344686239346944
0.0000000000000000 -3.7464989335334784 2.3655235848690350
0.0000000000000000 -3.8016176429704891 2.2952941669273139
0.0000000000000000 -3.8554224884328212 2.2238042580895949
0.0000000000000000 -3.9078850597344585 2.1510783874724431
0.0000000000000000 -3.9589774036464416 2.0771417171439270
0.0000000000000000 -4.0086720378652450 2.0020200336300187
0.0000000000000000 -4.0569419648236833 1.9257397391150992
0.0000000000000000 -4.1037606853376127 1.8483278423396103
0.0000000000000000 -4.1491022120819077 1.7698119491978090
0.0000000000000000 -4.1929410828891323 1.6902202530388581
0.0000000000000000 -4.2352523738644203 1.6095815246746346
0.0000000000000000 -4.2760117123101971 1.5279251020976246
0.0000000000000000 -4.3151952894543237 1.4452808799126713
0.0000000000000000 -4.3527798729754039 1.3616792984862660
0.0000000000000000 -4.3887428193190958 1.2771513328172168
0.0000000000000000 -4.4230620857991996 1.1917284811328672
0.0000000000000000 -4.4557162424775365 1.1054427532149178
0.0000000000000000 -4.4866844838166129 1.0183266584591939
0.0000000000000000 -4.5159466400991706 0.9304131936738215
0.0000000000000000 -4.5434831886088478 0.8417358306202609
0.0000000000000000 -4.5692752645661896 0.7523285033020372
0.0000000000000000 -4.5933046718144164 0.6622255950058591
0.0000000000000000 -4.6155538932494036 0.5714619251001576
0.0000000000000000 -4.6360061009884568 0.4800727355959752
0.0000000000000000 -4.6546451662725268 0.3880936774755484
0.0000000000000000 -4.6714556690966500 0.2955607967937599
0.0000000000000000 -4.6864229075634922 0.2025105205579160
0.0000000000000000 -4.6995329069549694 0.1089796423914192
0.0000000000000000 -4.7107724285170587 0.0150053079868524
0.0000000000000000 -4.7201289779529807 -0.0793749996456167
0.0000000000000000 -4.7275908136201021 -0.1741234751287280
0.0000000000000000 -4.7331469544259930 -0.2692020058616305
0.0000000000000000 -4.7367871874191891 -0.3645721873501674
0.0000000000000000 -4.7385020750703575 -0.4601953387179054
0.0000000000000000 -4.7382829622396727 -0.5560325183916005
0.0000000000000000 -4.7361219828263330 -0.6520445399547002
0.0000000000000000 -4.7320120660962850 -0.7481919881625566
0.0000000000000000 -4.7259469426843577 -0.8444352351126455
0.0000000000000000 -4.7179211502671317 -0.9407344565632405
0.0000000000000000 -4.7079300389030045 -1.0370496483939025
0.0000000000000000 -4.6959697760360637 -1.1333406432008264
0.0000000000000000 -4.6820373511604974 -1.2295671270202992
0.0000000000000000 -4.6661305801424344 -1.3256886561732715
0.0000000000000000 -4.6482481091962367 -1.4216646742239774
0.0000000000000000 -4.6283894185123993 -1.5174545290456338
0.0000000000000000 -4.6065548255343920 -1.6130174899858836
0.0000000000000000 -4.5827454878818870 -1.7083127651248939
0.0000000000000000 -4.5569634059180082 -1.8032995186187168
0.0000000000000000 -4.5292114249583202 -1.8979368881206964
0.0000000000000000 -4.4994932371195144 -1.9921840022733579
0.0000000000000000 -4.4678133828058400 -2.0859999982634401
0.0000000000000000 -4.4341772518314864 -2.1793440394325341
0.0000000000000000 -4.3985910841773252 -2.2721753329357264
0.0000000000000000 -4.3610619703805042 -2.3644531474407890
0.0000000000000000 -4.3215978515556115 -2.4561368308601139
0.0000000000000000 -4.2802075190462734 -2.5471858281078119
0.0000000000000000 -4.2369006137061280 -2.6375596988743344
0.0000000000000000 -4.1916876248084218 -2.7272181354107450
0.0000000000000000 -4.1445798885835154 -2.8161209803149925
0.0000000000000000 -4.0955895863837917 -2.9042282443123808
0.0000000000000000 -4.0447297424756474 -2.9915001240223780
0.0000000000000000 -3.9920142214583345 -3.0778970197040914
0.0000000000000000 -3.9374577253096876 -3.1633795529724034
0.0000000000000000 -3.8810757900588766 -3.2479085844770301
0.0000000000000000 -3.8228847820864216 -3.3314452315367076
0.0000000000000000 -3.7629018940520540 -3.4139508857205279
0.0000000000000000 -3.7011451404509841 -3.4953872303686859
0.0000000000000000 -3.6376333527993987 -3.5757162580447734
0.0000000000000000 -3.5723861744501999 -3.6549002879117340
0.0000000000000000 -3.5054240550400158 -3.7329019830237864
0.0000000000000000 -3.4367682445689152 -3.8096843675263572
0.0000000000000000 -3.3664407871141857 -3.8852108437563491
0.0000000000000000 -3.2944645141798836 -3.9594452092349126
0.0000000000000000 -3.2208630376838427 -4.0323516735450671
0.0000000000000000 -3.1456607425842322 -4.1038948750863495
0.0000000000000000 -3.0688827791476863 -4.1740398976989024
0.0000000000000000 -2.9905550548613156 -4.2427522871493242
0.0000000000000000 -2.9107042259910973 -4.3099980674706639
0.0000000000000000 -2.8293576887891265 -4.3757437571490669
0.0000000000000000 -2.7465435703526495 -4.4399563851494763
0.0000000000000000 -2.6622907191377370 -4.5026035067729486
0.0000000000000000 -2.5766286951306174 -4.5636532193382493
0.0000000000000000 -2.4895877596800653 -4.6230741776802553
0.0000000000000000 -2.4011988649941318 -4.6808356094579491
0.0000000000000000 -2.3114936433048157 -4.7369073302647591
0.0000000000000000 -2.2205043957044350 -4.7912597585340491
0.0000000000000000 -2.1282640806574449 -4.8438639302327315
0.0000000000000000 -2.0348063021918779 -4.8946915133359008
0.0000000000000000 -1.9401652977745072 -4.9437148220755747
0.0000000000000000 -1.8443759258739876 -4.9909068309567282
0.0000000000000000 -1.7474736532165920 -5.0362411885337481
0.0000000000000000 -1.6494945417390470 -5.0796922309406645
0.0000000000000000 -1.5504752352432651 -5.1212349951685576
0.0000000000000000 -1.4504529457579298 -5.1608452320835783
0.0000000000000000 -1.3494654396118437 -5.1984994191792273
0.0000000000000000 -1.2475510232244078 -5.2341747730565107
0.0000000000000000 -1.1447485286184138 -5.2678492616257850
0.0000000000000000 -1.0410972986607161 -5.2995016160241528
0.0000000000000000 -0.9366371720362371 -5.3291113422424479
0.0000000000000000 -0.8314084679612077 -5.3566587324558430
0.0000000000000000 -0.7254519706413579 -5.3821248760523490
0.0000000000000000 -0.6188089134811475 -5.4054916703535048
0.0000000000000000 -0.5115209630499949 -5.4267418310217357
0.0000000000000000 -0.4036302028119221 -5.4458589021489203
0.0000000000000000 -0.2951791166248139 -5.4628272660208772
0.0000000000000000 -0.1862105720158747 -5.4776321525525926
0.0000000000000000 -0.0767678032397084 -5.4902596483891433
0.0000000000000000 0.0331056058740891 -5.5006967056673766
0.0000000000000000 0.1433657392771645 -5.5089311504335967
0.0000000000000000 0.2539683662555122 -5.5149516907125786
0.0000000000000000 0.3648689591723805 -5.5187479242234270
0.0000000000000000 0.4760227113940124 -5.5203103457379017
0.0000000000000000 0.5873845553908164 -5.5196303540769875
0.0000000000000000 0.6989091810067435 -5.5167002587416425
0.0000000000000000 0.8105510538895568 -5.5115132861737743
0.0000000000000000 0.9222644340743079 -5.5040635856437019
0.0000000000000000 1.0340033947125913 -5.4943462347604326
0.0000000000000000 1.1457218409398573 -5.4823572446013209
0.0000000000000000 1.2573735288729955 -5.4680935644577788
0.0000000000000000 1.3689120847305056 -5.4515530861938588
0.0000000000000000 1.4802910240671683 -5.4327346482147529
0.0000000000000000 1.5914637711154020 -5.4116380390423320
0.0000000000000000 1.7023836782251538 -5.3882640004950844
0.0000000000000000 1.8130040453943801 -5.3626142304698936
0.0000000000000000 1.9232781398817618 -5.3346913853233762
0.0000000000000000 2.0331592158935927 -5.3044990818505520
0.0000000000000000 2.1426005343364491 -5.2720418988588706
0.0000000000000000 2.2515553826274766 -5.2373253783357230
0.0000000000000000 2.3599770945537291 -5.2003560262078032
0.0000000000000000 2.4678190701722986 -5.1611413126908197
0.0000000000000000 2.5750347957426736 -5.1196896722282270
0.0000000000000000 2.6815778636829801 -5.0760105030178178
0.0000000000000000 2.7874019925414011 -5.0301141661252480
0.0000000000000000 2.8924610469743590 -4.9820119841836554
0.0000000000000000 2.9967090577228341 -4.9317162396787788
0.0000000000000000 3.1001002415781862 -4.8792401728191486
0.0000000000000000 3.2025890213289823 -4.8245979789910303
0.0000000000000000 3.3041300456800360 -4.7678048057981162
0.0000000000000000 3.4046782091350996 -4.7088767496860306
0.0000000000000000 3.5041886718346276 -4.6478308521518752
0.0000000000000000 3.6026168793397995 -4.5846850955393679
0.0000000000000000 3.6999185823542815 -4.5194583984201282
0.0000000000000000 3.7960498563750265 -4.4521706105619758
0.0000000000000000 3.8909671212634369 -4.3828425074852362
0.0000000000000000 3.9846271607283867 -4.3114957846081774
0.0000000000000000 4.0769871417123174 -4.2381530509830307
0.0000000000000000 4.1680046336719521 -4.1628378226240548
0.0000000000000000 4.2576376277449528 -4.0855745154294363
0.0000000000000000 4.3458445557941117 -4.0063884376988108
0.0000000000000000 4.4325843093203980 -3.9253057822486324
0.0000000000000000 4.5178162582365067 -3.8423536181275311
0.0000000000000000 4.6015002694923810 -3.7575598819341893
0.0000000000000000 4.6835967255444251 -3.6709533687402196
0.0000000000000000 4.7640665426599025 -3.5825637226210016
0.0000000000000000 4.8428711890483367 -3.4924214267973137
0.0000000000000000 4.9199727028115756 -3.4005577933910023
0.0000000000000000 4.9953337097044406 -3.3070049527978789
0.0000000000000000 5.0689174406976703 -3.2117958426814903
0.0000000000000000 5.1406877493352221 -3.1149641965913166
0.0000000000000000 5.2106091288778611 -3.0165445322092657
0.0000000000000000 5.2786467292250991 -2.9165721392285118
0.0000000000000000 5.3447663736077065 -2.8150830668687266
0.0000000000000000 5.4089345750429025 -2.7121141110322160
0.0000000000000000 5.4711185525446187 -2.6077028011053316
0.0000000000000000 5.5312862470811686 -2.5018873864099334
0.0000000000000000 5.5894063372728775 -2.3947068223095918
0.0000000000000000 5.6454482548221341 -2.2862007559757123
0.0000000000000000 5.6993821996686362 -2.1764095118185813
0.0000000000000000 5.7511791548625135 -2.0653740765887671
0.0000000000000000 5.8008109011482842 -1.9531360841541821
0.0000000000000000 5.8482500312525287 -1.8397377999586204
0.0000000000000000 5.8934699638684407 -1.7252221051673950
0.0000000000000000 5.9364449573303855 -1.6096324805061031
0.0000000000000000 5.9771501229718682 -1.4930129897984357
0.0000000000000000 6.0155614381602467 -1.3754082632094389
0.0000000000000000 6.0516557590018083 -1.2568634802004286
0.0000000000000000 6.0854108327108580 -1.1374243522021681
0.0000000000000000 6.1168053096366650 -1.0171371050127818
0.0000000000000000 6.1458187549421481 -0.8960484609273763
0.0000000000000000 6.1724316599284270 -0.7742056206061068
0.0000000000000000 6.1966254529994078 -0.6516562446878411
0.0000000000000000 6.2183825102608008 -0.5284484351564112
0.0000000000000000 6.2376861657480021 -0.4046307164669432
0.0000000000000000 6.2545207212775358 -0.2802520164395019
0.0000000000000000 6.2688714559167895 -0.1553616469276974
0.0000000000000000 6.2807246350670303 -0.0300092842697168
1.0000000000000000 1.5707963267948966 -0.0000000000000002
1.0000000000000000 1.6126990962282464 0.1618096349925635
1.0000000000000000 1.6374916382715912 0.3319359881391886
1.0000000000000000 1.6439395213404755 0.5085300861165013
1.0000000000000000 1.6310114249343652 0.6895805701467156
1.0000000000000000 1.5978991051492457 0.8729362596621975
1.0000000000000000 1.5440348367460335 1.0563310651798172
1.0000000000000000 1.4691060639138196 1.2374109673024607
1.0000000000000000 1.3730670236347535 1.4137627489487250
1.0000000000000000 1.2561471405804507 1.5829441416548167
1.0000000000000000 1.1188560303505566 1.7425150244446761
1.0000000000000000 0.9619849881677772 1.8900692956308682
1.0000000000000000 0.7866048824036098 2.0232670242469282
1.0000000000000000 0.5940604160314218 2.1398664788276576
1.0000000000000000 0.3859607637736899 2.2377556270988181
1.0000000000000000 0.1641666377981550 2.3149827009070143
1.0000000000000000 -0.0692261202160598 2.3697854264519402
1.0000000000000000 -0.3119062785183523 2.4006185305550933
1.0000000000000000 -0.5613701010077851 2.4061791492317570
1.0000000000000000 -0.8149471526406331 2.3854297850881228
1.0000000000000000 -1.0698287588027096 2.3376184848475137
1.0000000000000000 -1.3230988165320172 2.2622959373683180
1.0000000000000000 -1.5717666222802700 2.1593292255482446
1.0000000000000000 -1.8128013513296655 2.0289120021622287
1.0000000000000000 -2.0431677984233243 1.8715708995563265
1.0000000000000000 -2.2598629679699731 1.6881680257775067
1.0000000000000000 -2.4599530856434311 1.4798994446827907
1.0000000000000000 -2.6406105915610265 1.2482895843330133
1.0000000000000000 -2.7991506686825405 0.9951815660029781
1.0000000000000000 -2.9330668587553959 0.7227234948777401
1.0000000000000000 -3.0400653221151570 0.4333508023875068
1.0000000000000000 -3.1180973069445175 0.1297647785875133
1.0000000000000000 -3.1653894081485383 -0.1850925195599690
1.0000000000000000 -3.1804712157067416 -0.5080667522642875
1.0000000000000000 -3.1621999770408462 -0.8358228978544806
1.0000000000000000 -3.1097819273577936 -1.1648796540129471
1.0000000000000000 -3.0227899758015520 -1.4916462847899363
1.0000000000000000 -2.9011774732295996 -1.8124615246229572
1.0000000000000000 -2.7452878291259202 -2.1236341204044638
1.0000000000000000 -2.5558597901296083 -2.4214845669487697
1.0000000000000000 -2.3340282404127017 -2.7023875703547620
1.0000000000000000 -2.0813204341614049 -2.9628147580423581
1.0000000000000000 -1.7996476221488888 -3.1993771438992238
1.0000000000000000 -1.4912920872576088 -3.4088668521919772
1.0000000000000000 -1.1588896572179577 -3.5882976047929929
1.0000000000000000 -0.8054078161689173 -3.7349434829061856
1.0000000000000000 -0.4341195893009732 -3.8463754868335491
1.0000000000000000 -0.0485734261991999 -3.9204954353341139
1.0000000000000000 0.3474406420396408 -3.9555667696484309
1.0000000000000000 0.7499282498761048 -3.9502418560899657
1.0000000000000000 1.1547309826343137 -3.9035854149731644
1.0000000000000000 1.5575692937818821 -3.8150937422289020
1.0000000000000000 1.9540876117017809 -3.6847094329674666
1.0000000000000000 2.3399011618143639 -3.5128313630496248
1.0000000000000000 2.7106440032186927 -3.3003197349316511
1.0000000000000000 3.0620177576682441 -3.0484960471302252
1.0000000000000000 3.3898404929800554 -2.7591379020405080
1.0000000000000000 3.6900952131456934 -2.4344686239346944
1.0000000000000000 3.9589774036464416 -2.0771417171439270
1.0000000000000000 4.1929410828891323 -1.6902202530388581
1.0000000000000000 4.3887428193190958 -1.2771513328172168
1.0000000000000000 4.5434831886088478 -0.8417358306202609
1.0000000000000000 4.6546451662725268 -0.3880936774755484
1.0000000000000000 4.7201289779529807 0.0793749996456167
1.0000000000000000 4.7382829622396727 0.5560325183916005
1.0000000000000000 4.7079300389030045 1.0370496483939025
1.0000000000000000 4.6283894185123993 1.5174545290456338
1.0000000000000000 4.4994932371195144 1.9921840022733579
1.0000000000000000 4.3215978515556115 2.4561368308601139
1.0000000000000000 4.0955895863837917 2.9042282443123808
1.0000000000000000 3.8228847820864216 3.3314452315367076
1.0000000000000000 3.5054240550400158 3.7329019830237864
1.0000000000000000 3.1456607425842322 4.1038948750863495
1.0000000000000000 2.7465435703526495 4.4399563851494763
1.0000000000000000 2.3114936433048157 4.7369073302647591
1.0000000000000000 1.8443759258739876 4.9909068309567282
1.0000000000000000 1.3494654396118437 5.1984994191792273
1.0000000000000000 0.8314084679612077 5.3566587324558430
1.0000000000000000 0.2951791166248139 5.4628272660208772
1.0000000000000000 -0.2539683662555122 5.5149516907125786
1.0000000000000000 -0.8105510538895568 5.5115132861737743
1.0000000000000000 -1.3689120847305056 5.4515530861938588
1.0000000000000000 -1.9232781398817618 5.3346913853233762
1.0000000000000000 -2.4678190701722986 5.1611413126908197
1.0000000000000000 -2.9967090577228341 4.9317162396787788
1.0000000000000000 -3.5041886718346276 4.6478308521518752
1.0000000000000000 -3.9846271607283867 4.3114957846081774
1.0000000000000000 -4.4325843093204060 3.9253057822486248
1.0000000000000000 -4.8428711890483367 3.4924214267973137
1.0000000000000000 -5.2106091288778611 3.0165445322092657
1.0000000000000000 -5.5312862470811686 2.5018873864099334
1.0000000000000000 -5.8008109011482842 1.9531360841541821
1.0000000000000000 -6.0155614381602502 1.3754082632094284
1.0000000000000000 -6.1724316599284270 0.7742056206061068
1.0000000000000000 -6.2688714559167895 0.1553616469276974
