1.0000000000000000 -1.8238462055532034 -1.8343116746380681
1.0000000000000000 -1.6556416761982311 -2.1263737327723140
1.0000000000000000 -1.9814842631611838 -2.3900573483006271
1.0000000000000000 -2.1386303238448710 -1.7584271803151328
1.0000000000000000 -1.9808802077684722 -2.0784949116731846
1.0000000000000000 -1.8937521877129722 -0.8876236643919908
1.0000000000000000 -1.2643581464019831 -2.4929919574670172
1.0000000000000000 -1.3470504352083539 -0.8190172273075523
1.0000000000000000 -1.7696648585402244 -1.1123720240134551
1.0000000000000000 -1.9603636482736360 -1.6618393085378811
1.0000000000000000 -1.5370472172391423 -1.9133380269059270
1.0000000000000000 -1.6025317528018987 -2.2657649139326201
1.0000000000000000 -1.9188065891316008 -1.3196228700314012
1.0000000000000000 -1.6946760149570805 -1.6636976794433558
1.0000000000000000 -1.0985741533495244 -1.5771137317296120
1.0000000000000000 -1.7343796523735016 -0.9597978895628810
1.0000000000000000 -0.7930162174109641 -0.7745106569479929
1.0000000000000000 -1.0841404824749141 -1.1747783261808662
1.0000000000000000 -1.2009037637413427 -2.3453889130459884
1.0000000000000000 -1.4043229524380565 -1.2628202254911864
1.0000000000000000 -2.1918960817095132 -1.3076126390088927
1.0000000000000000 -1.9062941833732170 -2.0808864016380273
1.0000000000000000 -1.5011082887589668 -2.0431540161894430
1.0000000000000000 -1.0843736290431845 -1.2844760012614949
1.0000000000000000 -1.2461251417343411 -2.2467915793350581
1.0000000000000000 -1.2649870904670850 -1.3950555701352427
1.0000000000000000 -1.7821741260286532 -2.0329139533819647
1.0000000000000000 -1.9769539275161336 -1.2647182064331022
1.0000000000000000 -1.3957352502102258 -2.0240716621454293
1.0000000000000000 -1.8013181690324824 -1.1895599258985912
1.0000000000000000 -1.8631706699962001 -2.0774918130234017
1.0000000000000000 -1.7735877751977158 -1.2002919464297255
1.0000000000000000 -0.9892784985853303 -1.9358189192135558
1.0000000000000000 -1.1311349131567832 -2.1384273952977959
1.0000000000000000 -1.4840793001744454 -1.5383550860197706
1.0000000000000000 -1.5155262796181779 -1.4378384198765617
1.0000000000000000 -1.2490401273165030 -0.9634776269559704
1.0000000000000000 -1.4111422822389623 -1.2668093192610741
1.0000000000000000 -1.9151614029011330 -1.7440568365966147
1.0000000000000000 -1.8889266667060627 -1.9413359677000583
1.0000000000000000 -1.6379477953064447 -1.3605085586708694
1.0000000000000000 -0.8399742264367132 -2.1220660049836222
1.0000000000000000 -1.5181876859144665 -1.9610159208782001
1.0000000000000000 -1.2966177079059356 -1.3536134031162845
1.0000000000000000 -1.6393520883200523 -1.6514621630554349
1.0000000000000000 -1.0767468252138126 -0.9957825561941024
1.0000000000000000 -1.3488847811853419 -0.9274383122080543
1.0000000000000000 -1.3933261608090470 -1.4978571369059572
1.0000000000000000 -2.0921759058131508 -0.8828386511488299
1.0000000000000000 -1.2536137989692395 -1.9718545198054489
1.0000000000000000 -1.7646227999509900 -2.2174941664946202
1.0000000000000000 -0.9311646650554916 -0.6746896981127029
1.0000000000000000 -1.4654881624897163 -2.2353962089258097
1.0000000000000000 -1.4792927341119770 -1.9495721733804414
1.0000000000000000 -1.7951771581369766 -1.9054775618744419
1.0000000000000000 -1.2213515986174059 -1.3232649600110862
1.0000000000000000 -1.8575807223908705 -1.5468564762383958
1.0000000000000000 -0.8351631118751925 -0.5640825595614942
1.0000000000000000 -0.8392256041591319 -1.5927993900136248
1.0000000000000000 -0.5859752775418113 -1.0340394784442806
1.0000000000000000 -1.9677521156735365 -1.5161465527095948
1.0000000000000000 -1.5262544951305668 -1.4050098144844412
1.0000000000000000 -2.0783933305072715 -1.2073442464599238
1.0000000000000000 -1.1392411054179554 -1.5298368794414126
1.0000000000000000 -1.6963929434064275 -1.1367796058509028
1.0000000000000000 -1.6992423399609757 -1.2642068310477030
1.0000000000000000 -1.5304431235071658 -2.2594396526025822
1.0000000000000000 -1.2278252309186302 -1.0614194902947047
1.0000000000000000 -1.7561941066482456 -2.0020743977089643
1.0000000000000000 -2.0214018092221724 -1.8558680792998827
1.0000000000000000 -0.8755514329446940 -0.4338860745843780
1.0000000000000000 -0.5232786044860879 -1.5589415485737770
1.0000000000000000 -1.0379949962084134 -1.6962680030681065
1.0000000000000000 -1.6274917809769773 -1.1222151861148686
1.0000000000000000 -1.7308096059402527 -1.7296765471028805
1.0000000000000000 -1.5470742916951921 -1.6796631447583956
1.0000000000000000 -2.2303335718100321 -2.1130517248565948
1.0000000000000000 -1.2572634345562195 -1.2642184718594915
1.0000000000000000 -2.2497096059575425 -1.6608966512877610
1.0000000000000000 -1.4205991515455809 -1.9432676643934803
1.0000000000000000 -1.0554081370679671 -1.6306395239602749
1.0000000000000000 -1.4962950949329648 -1.9197406666241752
1.0000000000000000 -1.1549741197998822 -1.8563954611845845
1.0000000000000000 -1.7253128354995173 -1.5380978180717031
1.0000000000000000 -1.0361357376673608 -1.1681278342212367
1.0000000000000000 -1.0847979497489637 -0.7053171606102999
1.0000000000000000 -0.7864194830502573 -0.9684256756096981
1.0000000000000000 -1.7645115135526148 -1.5493022654305055
1.0000000000000000 -1.8393812794446642 -1.8222922186075161
1.0000000000000000 -1.4948744856401521 -2.3768401127045884
1.0000000000000000 -1.4265399241548475 -2.6853462615701589
1.0000000000000000 -2.4281188012259043 -1.8042999925613894
1.0000000000000000 -1.9496913943359624 -1.3330362576414707
1.0000000000000000 -0.9084392498290483 -0.6595072775608429
1.0000000000000000 -1.5362439113178477 -1.5976348446907109
1.0000000000000000 -1.3893369600419032 -1.9124077961000605
1.0000000000000000 -1.3384640101578265 -1.8782296219695174
1.0000000000000000 -1.4263556835664064 -1.3730605248172261
1.0000000000000000 -0.5027355724362729 -0.3752480593400598
1.0000000000000000 -1.6556066462033010 -1.5961968838489389
1.0000000000000000 -0.9665057542831063 -1.9842773127872266
1.0000000000000000 -2.0880375682842089 -2.3139376586503935
1.0000000000000000 -0.8625346096887704 -0.7843493233187233
1.0000000000000000 -2.1928261199208197 -1.6835812197197031
1.0000000000000000 -1.8049039726556266 -1.6912894084096095
1.0000000000000000 -0.9372894230975826 -1.5501109246372304
1.0000000000000000 -1.5747656223351778 -1.4494102044320272
1.0000000000000000 -1.0677878923262618 -1.5602554497135610
1.0000000000000000 -1.8335620241491477 -1.9430383102075672
1.0000000000000000 -1.0111233731990954 -1.3699841366891556
1.0000000000000000 -1.4316624788629444 -1.7192609848394420
1.0000000000000000 -1.6635277934772192 -1.0592502794825585
1.0000000000000000 -1.1290047794122975 -1.1295070355781749
1.0000000000000000 -1.7435807893311375 -1.0340021562811641
1.0000000000000000 -1.4119519613796092 -1.6489634428261259
1.0000000000000000 -1.7788205089830147 -1.7278372029737157
1.0000000000000000 -1.3742620691823999 -1.2560431655421693
1.0000000000000000 -1.3867156796247662 -1.8845400440837938
1.0000000000000000 -1.2974390820886508 -1.0227134973686305
1.0000000000000000 -1.7535031464812623 -1.3064403912766864
1.0000000000000000 -1.8472615090442148 -1.6842337005480250
1.0000000000000000 -1.4511531336512367 -1.7478931829361652
1.0000000000000000 -1.4236305821567719 -2.2598807897639213
1.0000000000000000 -1.6659971282220907 -2.2190614936626085
1.0000000000000000 -1.5371970732598224 -1.8740898699176487
1.0000000000000000 -1.2348868705273708 -1.0492245386141743
1.0000000000000000 -1.3235507606454517 -1.1618228974925389
1.0000000000000000 -1.0514616283229690 -1.1687809074931115
1.0000000000000000 -0.9205630238709057 -1.6965950221669863
1.0000000000000000 -1.7842878287585622 -1.5890442299470835
1.0000000000000000 -2.2556897894929135 -1.1964930666883686
1.0000000000000000 -2.1781882354180588 -1.6577368358213331
1.0000000000000000 -1.8460650016171314 -1.9471963391029576
1.0000000000000000 -1.3137889512841183 -2.4087080678422259
1.0000000000000000 -2.0662011783116752 -1.4648111978373448
1.0000000000000000 -1.2541293631034494 -1.5703731783087855
1.0000000000000000 -1.7817958751191747 -1.8030488375384546
1.0000000000000000 -0.9194705309085828 -2.3527315348578570
1.0000000000000000 -1.9352588383098341 -1.6788580160820046
1.0000000000000000 -1.1428071545000449 -1.3932451606594922
1.0000000000000000 -1.7402623745861663 -1.0411339936909147
1.0000000000000000 -1.2918798643092679 -0.8989608652410136
1.0000000000000000 -1.7800494514185354 -1.5679836773731282
1.0000000000000000 -1.1700876392291493 -1.5485051088334434
1.0000000000000000 -1.7763364013405094 -1.3156560963844495
1.0000000000000000 -0.9991627631531196 -1.4770669086155013
1.0000000000000000 -0.8198601302256742 -1.0972272782736627
1.0000000000000000 -2.2054246038650485 -1.3676045533981642
1.0000000000000000 -1.2858689630524849 -1.8673193920345139
1.0000000000000000 -1.2610867176629348 -1.4311815720864964
1.0000000000000000 -1.6234666760912890 -1.3918205150798821
1.0000000000000000 -2.1669376497115911 -1.9186342845254269
1.0000000000000000 -1.0815469511349394 -2.2766971163994487
1.0000000000000000 -2.4814086656688410 -1.4530035563563888
1.0000000000000000 -1.5748862971146786 -2.4592602865347226
1.0000000000000000 -0.7913907672758513 -0.7823847448627272
1.0000000000000000 -1.3552402385540994 -1.2287035853392423
1.0000000000000000 -1.5155008545419155 -0.5904514157141704
1.0000000000000000 -1.7388185777102085 -1.1558014627984907
1.0000000000000000 -1.8783354429303012 -1.6598217456778921
1.0000000000000000 -1.4282180764948884 -1.9217908780868243
1.0000000000000000 -0.9589739560018303 -1.0079851361044736
1.0000000000000000 -0.3281987069191046 -1.9221453248852800
1.0000000000000000 -1.6181343180591483 -1.5205404879845263
1.0000000000000000 -1.1717422999206477 -1.5238858753662230
1.0000000000000000 -1.5567509663034245 -1.9203409452571067
1.0000000000000000 -1.2750006029360055 -0.9039031844727133
1.0000000000000000 -1.1033151592284134 -1.2399383125959393
1.0000000000000000 -2.1410101641290100 -1.6574190164038147
1.0000000000000000 -1.2425785314340438 -1.8439887026437016
1.0000000000000000 -1.7701386421618104 -0.7163492694441097
1.0000000000000000 -1.3039273143032033 -1.7409667798261079
1.0000000000000000 -1.2231232972251318 -1.3582709639131583
1.0000000000000000 -2.2251352333540018 -2.2856776678806727
1.0000000000000000 -1.9143594791582850 -1.9333865613788113
1.0000000000000000 -1.9076795317287081 -2.1305299899613006
1.0000000000000000 -1.3860296012012305 -1.8214977266990191
1.0000000000000000 -1.4263410026363055 -2.0661232841288317
1.0000000000000000 -1.2227294401234521 -0.9237101259133028
1.0000000000000000 -1.2512771843017358 -0.9747825755691566
1.0000000000000000 -0.8361200628312565 -1.4786577499784024
1.0000000000000000 -1.5232916118317930 -0.6821877421025107
1.0000000000000000 -1.4825957658576723 -2.3301751297905042
1.0000000000000000 -1.5693837628073357 -1.4973263660681193
1.0000000000000000 -1.3566208515405132 -1.3562585775253806
1.0000000000000000 -1.9649133224623219 -1.3087702351755508
1.0000000000000000 -1.8048318873346587 -1.5149817850179197
1.0000000000000000 -1.3096286941667974 -1.8818127788538506
1.0000000000000000 -1.5471084471245311 -1.4640365651898672
1.0000000000000000 -2.0895396356697469 -0.7376998583788805
1.0000000000000000 -0.8980702343048272 -1.6649975534406734
1.0000000000000000 -1.5243122900031494 -1.6613706189397732
1.0000000000000000 -1.7368420397540167 -2.2145372693866925
1.0000000000000000 -1.8859711527321963 -1.7114195918255053
1.0000000000000000 -1.4617680111790590 -1.1739190814818037
1.0000000000000000 -1.5480861022636558 -0.6653422160247620
1.0000000000000000 -1.4937631561488947 -2.1235006408523880
1.0000000000000000 -1.4891870004567691 -1.1961811336764789
1.0000000000000000 -1.7532222656949015 -1.3542154396373147
1.0000000000000000 -1.9345171421674330 -1.5674022384957529
2.0000000000000000 1.6344473990150055 1.4258471906272940
2.0000000000000000 1.6326098332148524 1.3669628753322955
2.0000000000000000 1.7902676876674735 1.3551493688753247
2.0000000000000000 0.4517600949151510 0.8002042189465943
2.0000000000000000 1.0884756522063141 1.3118562702555994
2.0000000000000000 1.2108012059907678 1.3648541531486593
2.0000000000000000 1.8889340410714155 1.3420560785036775
2.0000000000000000 0.9017896129081771 1.4781885724693027
2.0000000000000000 1.2990094258986020 1.5849714161645583
2.0000000000000000 1.3997479484759463 1.4305178551435285
2.0000000000000000 2.5966308034207986 1.6321043825198425
2.0000000000000000 1.8072902778377193 1.7894942774039300
2.0000000000000000 1.2733978209509016 1.6889999060754770
2.0000000000000000 1.2101465695704225 1.9795021708655949
2.0000000000000000 1.3343519858073851 1.9596418330244396
2.0000000000000000 1.0130914991087971 1.6645480992852328
2.0000000000000000 1.6293407439070193 1.5754432145831430
2.0000000000000000 1.6619268708515260 0.6023380689909340
2.0000000000000000 1.1750970178383451 1.3572662411840215
2.0000000000000000 1.9972031331322091 2.1769405514981672
2.0000000000000000 1.9595001216312735 0.4497416674457508
2.0000000000000000 1.2803693777106298 0.8607709333401145
2.0000000000000000 1.0924701408834134 0.6135590106130011
2.0000000000000000 1.9691963526543357 1.9103920383174455
2.0000000000000000 1.3160463194109862 1.4120311811491515
2.0000000000000000 1.3269510010748744 0.6655070992166190
2.0000000000000000 2.3581815102973454 1.7547729074207115
2.0000000000000000 1.4797817502629100 1.8371243723584014
2.0000000000000000 1.4884045008091373 2.0640141533865828
2.0000000000000000 0.9813059124826634 2.0840918545677845
2.0000000000000000 1.3028890527661470 1.6100127060944394
2.0000000000000000 0.5089892617847886 2.0910139125843252
2.0000000000000000 0.3875630659169642 1.2519927746658874
2.0000000000000000 1.0532951907947856 0.9438182538916863
2.0000000000000000 0.9894552742549331 1.4147259516835862
2.0000000000000000 1.2309011491021775 1.7372827566420719
2.0000000000000000 1.9127496667419410 1.6974035973591497
2.0000000000000000 1.1389602767722804 1.2361089644587562
2.0000000000000000 1.8965092993904005 1.6806044531483229
2.0000000000000000 1.1092372326398579 1.3956276325359911
2.0000000000000000 1.7746255228691719 1.2761689671810159
2.0000000000000000 0.5954282074547387 1.9477149889606000
2.0000000000000000 1.6204451611120214 1.8705624803864453
2.0000000000000000 1.1823740911339382 2.0939521927232105
2.0000000000000000 1.1715026499648180 1.6169590630815789
2.0000000000000000 0.7908695735647893 0.7240995555827520
2.0000000000000000 2.1383053111226649 2.6332708746998819
2.0000000000000000 1.6032984738631140 1.0892192490563846
2.0000000000000000 1.6594745442392009 2.1142066626716369
2.0000000000000000 1.8725075403268783 1.5615987623245564
2.0000000000000000 1.3779990129494879 1.6332498286722503
2.0000000000000000 0.9861763745285110 1.6112143151952143
2.0000000000000000 1.9420775646285269 1.1509318765245022
2.0000000000000000 1.3955910929697424 0.6247727137559774
2.0000000000000000 1.4267689062612667 0.9696770059258354
2.0000000000000000 2.1010619219968039 0.6212149466175911
2.0000000000000000 1.0479421791191077 1.6648057076406824
2.0000000000000000 1.3921640696908462 1.2441608976662546
2.0000000000000000 1.3042245541704627 1.5400160727204826
2.0000000000000000 0.7506206159976826 0.5185717804779619
2.0000000000000000 1.9535230733585522 0.9098198214998282
2.0000000000000000 1.5602147198967651 1.8382924215216776
2.0000000000000000 1.2501915470354097 0.8291656399077076
2.0000000000000000 1.2291943880820058 1.4776310314984598
2.0000000000000000 1.7469290622624525 0.9756418981780470
2.0000000000000000 2.2589018323307397 2.0224604303133455
2.0000000000000000 0.6400736812006846 1.4122819682941432
2.0000000000000000 1.8364607565974773 2.5761346688111240
2.0000000000000000 1.9943324245710545 2.4815633731749687
2.0000000000000000 1.8796209788631018 2.0296164865632642
2.0000000000000000 2.0829518025161380 1.7324769525229509
2.0000000000000000 2.5307041036920275 2.5159063787560374
2.0000000000000000 1.0696536914789099 1.4470936279998581
2.0000000000000000 1.7794747851858828 1.5534624014108143
2.0000000000000000 1.6033743338686670 1.7346731792223773
2.0000000000000000 1.2942807640830900 1.7086382733694778
2.0000000000000000 1.5082228503815907 1.0289494960325061
2.0000000000000000 2.0606544419000805 1.3490275672668002
2.0000000000000000 1.3673959809162137 2.0369609723174982
2.0000000000000000 2.2708874590903037 2.2161367155178660
2.0000000000000000 1.7407910447709434 1.8857983354121468
2.0000000000000000 1.5843363423410786 1.1486041657623209
2.0000000000000000 1.4193477957155185 1.0540109801941566
2.0000000000000000 1.5857143355703076 0.8911742135754649
2.0000000000000000 1.2581533186434875 1.8557908616191270
2.0000000000000000 2.3259972997623080 1.2868029308568640
2.0000000000000000 1.3217225128646268 1.8077442054882580
2.0000000000000000 1.2776501338772599 1.7303152996803615
2.0000000000000000 2.2142192429557719 1.7681801803030006
2.0000000000000000 0.9805939613115345 1.4837977482770583
2.0000000000000000 1.2378133290762678 2.3708177296850654
2.0000000000000000 1.6426286644439463 1.4877196154694063
2.0000000000000000 0.6363432564168159 0.7420061843792158
2.0000000000000000 1.5265432800752812 0.9637580939529091
2.0000000000000000 1.5493233238833577 2.2167104130905333
2.0000000000000000 1.1285325138133593 1.5897596278956276
2.0000000000000000 1.6687665347909446 1.4201177687581077
2.0000000000000000 1.2678114690784696 1.6378943889771476
2.0000000000000000 1.1979974420122546 0.6857073270041232
2.0000000000000000 1.5221456467235641 0.9641158766951980
2.0000000000000000 1.4221192657586657 0.7264564257472166
2.0000000000000000 2.0713567171074816 2.0992263935607038
2.0000000000000000 1.0522128087767322 1.5981855596385743
2.0000000000000000 1.3024758431617964 1.1854688144364471
2.0000000000000000 0.0784896025719155 0.8594788280390372
2.0000000000000000 1.6488088895254869 0.7434731488640077
2.0000000000000000 1.1552932121294159 1.7827929956734769
2.0000000000000000 1.4684656033596051 1.8042547597747514
2.0000000000000000 2.0335818161654702 1.1814172300885533
2.0000000000000000 1.7802453196687948 1.7660648868582123
2.0000000000000000 1.1365216097659008 0.7978934928336604
2.0000000000000000 1.4867042591922595 1.6141007819900934
2.0000000000000000 1.8383143901213899 1.8775921562277906
2.0000000000000000 1.2027089426674800 0.7630410628392096
2.0000000000000000 1.8105882341705908 1.5768872162340588
2.0000000000000000 2.5405065298950342 0.6491989232629244
2.0000000000000000 0.7018588216170110 0.5908948064600714
2.0000000000000000 2.3680773749519619 1.9977779676287235
2.0000000000000000 1.4116332008582084 1.4579581687458101
2.0000000000000000 1.0656910115489591 1.3853930811487962
2.0000000000000000 0.3747664015098955 0.9646087997518707
2.0000000000000000 1.5878195684470990 0.7744568162037744
2.0000000000000000 1.7180365703934739 1.7230702370444702
2.0000000000000000 1.7706760291345032 0.9880318677809740
2.0000000000000000 1.7432056826462334 0.6386693017777565
2.0000000000000000 1.0300519939095061 1.0721074073576036
2.0000000000000000 1.5705720561984722 2.1927965306245061
2.0000000000000000 1.4170068423935400 1.9628405851013935
2.0000000000000000 1.6650133559610205 0.8651271257174233
2.0000000000000000 1.5467172090216248 1.3019508651890606
2.0000000000000000 1.7896830280590130 1.8116167983907496
2.0000000000000000 1.6260885326282408 1.4952039636331269
2.0000000000000000 1.5492764122840510 0.7292892283367088
2.0000000000000000 1.2364137662849928 1.3014972224177233
2.0000000000000000 1.6061039906537580 1.9083636278115821
2.0000000000000000 0.3436188785624699 1.1494252381407053
2.0000000000000000 1.0122176650945480 1.6522738713393736
2.0000000000000000 1.5465371463987232 1.4709568081210973
2.0000000000000000 1.7446887435589020 1.7570292152973019
2.0000000000000000 0.9497855734924289 1.8825463718673467
2.0000000000000000 1.4442510702429765 2.0886972422202255
2.0000000000000000 1.0096706991089091 1.3153257936451213
2.0000000000000000 1.6302404056242619 1.4739235029438948
2.0000000000000000 1.2946892833324499 0.5047528471101358
2.0000000000000000 1.0445228163383067 2.0192177952661297
2.0000000000000000 0.9260993133884983 1.3340170292861679
2.0000000000000000 2.3961707340067608 1.8635967870351093
2.0000000000000000 1.7662554486490245 1.3039538073040871
2.0000000000000000 2.1367332562690278 2.1396514619277420
2.0000000000000000 1.9268968509880071 1.8304477819810412
2.0000000000000000 0.9899427972379173 1.4520291019152780
2.0000000000000000 2.2195259773606768 1.8355401992116211
2.0000000000000000 1.4286607418415729 0.8822597970564290
2.0000000000000000 1.9766683285812054 1.8705846803083330
2.0000000000000000 0.4522942433561852 1.2137608794164396
2.0000000000000000 1.0546942515669431 1.6609240479428882
2.0000000000000000 1.3327858690546075 1.2224095189983175
2.0000000000000000 1.3539406035839598 1.4597920031918270
2.0000000000000000 2.0920912352296352 1.9902158218631816
2.0000000000000000 1.5145604377073971 1.6378585274991464
2.0000000000000000 1.2348282495153016 0.8726130054302361
2.0000000000000000 1.4168676570973666 1.9206409938132796
2.0000000000000000 1.7601643202039687 2.1142137925114328
2.0000000000000000 1.4593126408315307 1.7283848533453050
2.0000000000000000 1.7518650157641376 1.4191767298548972
2.0000000000000000 1.3870519160705164 0.6685076730139787
2.0000000000000000 0.8786349230051620 0.2886601275098699
2.0000000000000000 2.3079248848235867 2.2856653262652555
2.0000000000000000 2.3254765452440402 2.0947692487262439
2.0000000000000000 1.9742709450679592 2.0492887098626698
2.0000000000000000 1.7349723395449921 0.6480895323311305
2.0000000000000000 1.5374734877029435 1.4975599838378735
2.0000000000000000 1.7198531652948783 1.6838647254545114
2.0000000000000000 0.6937183261667464 1.4435692565767275
2.0000000000000000 1.7747186669963817 1.2789159679338213
2.0000000000000000 2.0996928078772408 1.8040667981266951
2.0000000000000000 1.4829231257736928 1.3710283224209729
2.0000000000000000 2.4219140693184626 1.9000423051644828
2.0000000000000000 1.3570471885139932 1.0993521514722984
2.0000000000000000 1.9385122440302789 2.1527502604607305
2.0000000000000000 0.6936296259368753 1.2796235969997489
2.0000000000000000 1.7735261977479801 1.3524277748533922
2.0000000000000000 2.4026118164020525 0.9079945566459426
2.0000000000000000 0.6425788236895040 1.4453800236176817
2.0000000000000000 2.2156365215689497 1.6344735786083355
2.0000000000000000 1.2321203919066956 0.6270503218857858
2.0000000000000000 1.5105205948485680 1.5252916270186696
2.0000000000000000 1.2378633816108995 0.7731346002022952
2.0000000000000000 1.1908282375871726 0.7484282231456072
2.0000000000000000 1.7747128388068920 1.6254516049561687
2.0000000000000000 1.6034094299654200 1.5944056793072108
2.0000000000000000 1.2525781418547328 0.9039878451213867
2.0000000000000000 0.7512460919014615 1.5164752365405636
2.0000000000000000 1.5413106049535028 1.2173171473878606
2.0000000000000000 1.2387454985963444 1.7811395267900942
2.0000000000000000 1.8972230798817078 1.1245161811809152
2.0000000000000000 0.4243999641084539 1.2629759329557844
2.0000000000000000 1.5787632831895673 0.8935830531929014
2.0000000000000000 1.7774617380241722 1.5840112233824557
2.0000000000000000 2.1831893855335580 1.6768150639526751
3.0000000000000000 -1.4464831249372871 1.3898015011094318
3.0000000000000000 -0.9938748302635365 2.7736200263309119
3.0000000000000000 -0.7889737123181478 1.9652459999650023
3.0000000000000000 -1.3841297006784010 2.0669333221198647
3.0000000000000000 -1.0058280353000297 1.8282182553641617
3.0000000000000000 -1.3247605246079757 0.9718988710432617
3.0000000000000000 -2.1120786193713643 0.9747491394066206
3.0000000000000000 -1.8861203206148074 1.0315299033244414
3.0000000000000000 -1.0531802126114509 1.5134979525566559
3.0000000000000000 -1.5900924069231592 1.7026167552779725
3.0000000000000000 -1.6685149197831570 2.0516388760762876
3.0000000000000000 -0.9463485313304187 1.5976946598491710
3.0000000000000000 -1.4192691283980454 1.7791610628213532
3.0000000000000000 -1.2013361567893548 1.9984126923760566
3.0000000000000000 -1.6863755838315033 2.0934996428361159
3.0000000000000000 -1.1393378984962272 1.7627699518766335
3.0000000000000000 -1.4515991683331448 0.9562494505196695
3.0000000000000000 -1.0410414170145519 1.4872705945788722
3.0000000000000000 -1.3392246756952437 1.9754294219289177
3.0000000000000000 -1.5698080701905821 1.2921842086318107
3.0000000000000000 -1.7023613319852098 2.1647557481975594
3.0000000000000000 -1.5031214061433307 2.1251520177985146
3.0000000000000000 -2.0041312456188636 1.0326088518604515
3.0000000000000000 -1.8652695438215212 2.4426837042206277
3.0000000000000000 -2.2768055099051572 0.9784349282966774
3.0000000000000000 -1.3027057524530399 2.2012818880396141
3.0000000000000000 -1.4004487822287208 2.2671689767977838
3.0000000000000000 -1.9116988737963214 0.7366171858194014
3.0000000000000000 -1.5016902238635401 1.3314748832384755
3.0000000000000000 -1.5161188201340396 1.5911079395089660
3.0000000000000000 -1.6959224809871742 1.4124487949186095
3.0000000000000000 -1.7561655242298784 0.9802601835642103
3.0000000000000000 -1.5577342498523574 1.7160790249147868
3.0000000000000000 -0.9302644485716157 1.2935495268002488
3.0000000000000000 -1.5205915920514461 1.7529017003013125
3.0000000000000000 -2.0398072677659669 1.9662135686384115
3.0000000000000000 -1.5207669737252736 1.7972905371467995
3.0000000000000000 -1.2676653303506753 1.0282364370013362
3.0000000000000000 -1.5742883652746247 1.5703837612230969
3.0000000000000000 -1.7018645275807001 2.4458328035065331
3.0000000000000000 -2.1201234462475531 0.9395274580258061
3.0000000000000000 -1.2528227488867720 2.0816271135143931
3.0000000000000000 -1.5205329914221097 1.1613966982614701
3.0000000000000000 -1.2121424693036256 1.6086301834178571
3.0000000000000000 -1.4688443325808473 1.9284417310773101
3.0000000000000000 -1.1957907344571086 1.5762499150841587
3.0000000000000000 -1.4680710333665696 1.3944339214770594
3.0000000000000000 -1.7714328149522331 1.4352798018478441
3.0000000000000000 -1.5513446693626833 1.5168789824359439
3.0000000000000000 -1.7608713406203771 1.9394665393123498
3.0000000000000000 -2.2171259887332271 1.1565942313047999
3.0000000000000000 -1.6393014469924863 1.6677771261914183
3.0000000000000000 -1.7991247815748643 1.5246439672166658
3.0000000000000000 -2.1918620351459892 1.0611850147807118
3.0000000000000000 -1.3343562828255640 1.2213935407735599
3.0000000000000000 -1.2785779206495311 1.0287853364854047
3.0000000000000000 -1.2832162437790078 1.5764788560012022
3.0000000000000000 -1.4921605179395776 1.8231271160813962
3.0000000000000000 -1.5889048921229187 1.4356357821472163
3.0000000000000000 -1.5100132168539597 0.7707980837274857
3.0000000000000000 -1.7050500496130856 0.8241517164098117
3.0000000000000000 -1.3369525538906288 0.8300957396908489
3.0000000000000000 -0.9038796877852715 1.3203688238125009
3.0000000000000000 -1.1772940681367174 1.7106463380534502
3.0000000000000000 -1.2529083023753786 1.4172115198192883
3.0000000000000000 -1.0944706637830430 0.8336852761240268
3.0000000000000000 -1.3678784941980471 1.3123082393052574
3.0000000000000000 -0.5435960207561437 1.7860098188498952
3.0000000000000000 -1.3440414253842556 2.1193989957311725
3.0000000000000000 -1.6083100875917553 2.0174383341689488
3.0000000000000000 -2.0040543104274597 0.7317342998466210
3.0000000000000000 -1.0621478986743595 1.4277036085738763
3.0000000000000000 -1.6943585534374896 1.1316178342654897
3.0000000000000000 -1.7359065634146189 1.8296722296738115
3.0000000000000000 -1.4131108848659331 2.0686754138546686
3.0000000000000000 -1.5433982364381360 1.4450677322670074
3.0000000000000000 -1.4481083242805886 1.2179955046270468
3.0000000000000000 -1.5862826550422537 1.3249106301103009
3.0000000000000000 -1.3094967462611284 1.5337009091517193
3.0000000000000000 -1.3201529276368997 1.7866265686452611
3.0000000000000000 -1.0789062119508106 1.7573288079579790
3.0000000000000000 -0.9079808773450508 1.0389913106103077
3.0000000000000000 -1.5675360316887266 0.8918186515414148
3.0000000000000000 -2.0716067469120567 1.4811171846921876
3.0000000000000000 -1.0554713156020499 1.4805010821445284
3.0000000000000000 -1.8949504090383349 0.7180101195410854
3.0000000000000000 -0.6604954804073927 2.0936680184707530
3.0000000000000000 -0.5896491035265844 1.5873086378422478
3.0000000000000000 -1.5425901957469303 2.0014820353626601
3.0000000000000000 -2.2241547358939848 1.1030835410324440
3.0000000000000000 -1.2819712750385865 1.7054511465235380
3.0000000000000000 -1.1797105790195588 1.7402772397623589
3.0000000000000000 -1.2420091684373962 1.6766483591993340
3.0000000000000000 -1.4408990221352487 2.1154552732028691
3.0000000000000000 -1.1357893957777674 1.6945081351588864
3.0000000000000000 -1.6488482568393710 1.2917974877520175
3.0000000000000000 -1.4985037459176853 1.5493252592172346
3.0000000000000000 -1.3242426913092216 1.9918946399067139
3.0000000000000000 -1.6975677584339142 1.3673675283083200
3.0000000000000000 -1.4066878714524684 1.4628197688472504
3.0000000000000000 -2.1381850565580662 1.3800719163837689
3.0000000000000000 -2.1031809174854548 0.8556570676086626
3.0000000000000000 -1.3605511220717663 1.0340393989409866
3.0000000000000000 -1.7500156432729828 1.0952081928745532
3.0000000000000000 -2.0648237117686032 1.8758846427651681
3.0000000000000000 -1.8827112142896754 1.8272552943070679
3.0000000000000000 -1.5300336764962639 1.0255605385475146
3.0000000000000000 -1.1995090916163007 1.2693155035359136
3.0000000000000000 -1.7468552658052818 0.9560086795972321
3.0000000000000000 -1.9815786068318284 0.9837306382528567
3.0000000000000000 -1.8683237865467155 1.6039642699299879
3.0000000000000000 -1.6413774458154431 1.8330202047071007
3.0000000000000000 -1.6808863023116825 1.9577526182266669
3.0000000000000000 -1.6307234233299650 1.8254027749550414
3.0000000000000000 -1.2647094511580022 1.7917010283512418
3.0000000000000000 -1.7299158857768400 1.6188549426141066
3.0000000000000000 -1.2873875205480203 1.9733466732625038
3.0000000000000000 -1.7575443154509283 0.6173127945203027
3.0000000000000000 -2.2244976773447553 2.0801232050992482
3.0000000000000000 -1.3554859782828323 1.4990834758811971
3.0000000000000000 -2.3807929719654206 1.6928573128865869
3.0000000000000000 -1.2867567243302755 2.0606632171284494
3.0000000000000000 -0.9930130534695217 2.8041765060705481
3.0000000000000000 -2.0427185001358854 0.8372332823245295
3.0000000000000000 -1.7444880208156317 0.8507879806753298
3.0000000000000000 -0.4772702754421851 0.9565373656145877
3.0000000000000000 -1.1341699766171236 1.8113578845224709
3.0000000000000000 -1.6554867297584608 2.0340152471390431
3.0000000000000000 -1.4861243451032371 2.1186811519730973
3.0000000000000000 -2.0183778624925122 0.9580423071171325
3.0000000000000000 -1.8281301693781025 1.9462975158847691
3.0000000000000000 -1.6122548604147651 1.6355892646726438
3.0000000000000000 -0.8262839748822789 1.3390937379328063
3.0000000000000000 -2.2841079278208487 1.3937346474615258
3.0000000000000000 -2.2224784406670341 1.1800028282996071
3.0000000000000000 -1.7249664041307602 1.5964239277978827
3.0000000000000000 -1.1368187362802362 1.7848118330410496
3.0000000000000000 -0.4937355456738979 1.4604196780959251
3.0000000000000000 -1.9201613549664325 1.2960969368663167
3.0000000000000000 -0.9867989328498864 1.3809576554247673
3.0000000000000000 -1.1461382527126633 1.7657032683510212
3.0000000000000000 -0.5168259422037631 1.0022782662233176
3.0000000000000000 -2.1265128819493384 1.6141178715304954
3.0000000000000000 -2.1610814687174913 2.0174153747585564
3.0000000000000000 -1.5212464661671510 1.8929810549343247
3.0000000000000000 -1.4060721908241587 1.1480877118047126
3.0000000000000000 -1.9211436175114081 1.4612125146054844
3.0000000000000000 -1.6209662781177518 1.6324040008623071
3.0000000000000000 -1.0746346824921720 1.7079373534232718
3.0000000000000000 -2.1796601599764962 1.1461554378533729
3.0000000000000000 -1.6609715844706063 0.9892584213186876
3.0000000000000000 -1.5563370385650555 1.2630445389406113
3.0000000000000000 -1.3302165983226859 1.7073553319169086
3.0000000000000000 -1.5998758623733869 1.5423414967427611
3.0000000000000000 -1.3665790957005433 1.2519185919370024
3.0000000000000000 -2.4423914202523673 1.9952331242706736
3.0000000000000000 -1.6733782396467027 1.4026134702994908
3.0000000000000000 -1.7341992921901850 0.9352671262910169
3.0000000000000000 -1.4725213864945448 0.9609780724012275
3.0000000000000000 -1.1799786693663985 1.3679171139168136
3.0000000000000000 -2.4739937163080907 1.0555253490225898
3.0000000000000000 -2.0227005969223399 1.9714480610556819
3.0000000000000000 -1.1724304510494665 1.8072184128608817
3.0000000000000000 -0.7701662872405464 2.5367815671862930
3.0000000000000000 -1.1336616565275901 2.3043864870451447
3.0000000000000000 -0.6582469751735646 1.6066213931329878
3.0000000000000000 -1.2771812909859042 1.5644831939802943
3.0000000000000000 -0.8590001588526193 0.9144723429251982
3.0000000000000000 -2.0678618230595172 2.0044172854224760
3.0000000000000000 -1.2472744459867617 1.3678076874755609
3.0000000000000000 -1.5916444978561306 1.4730444485472347
3.0000000000000000 -2.3392779335536416 1.3332646838597697
3.0000000000000000 -1.7949790101046506 1.5783810552826647
3.0000000000000000 -1.4490784024843300 1.3197009817104579
3.0000000000000000 -1.7244966316288561 1.8849214442736595
3.0000000000000000 -1.9200487495776013 1.6661890460702151
3.0000000000000000 -1.0155802369278328 2.3942983796443307
3.0000000000000000 -0.6798438761031088 1.6931560845855966
3.0000000000000000 -1.3374805320649643 1.5676127588688764
3.0000000000000000 -1.7759803995711849 1.8697588115989934
3.0000000000000000 -2.0144618153715670 1.2937469556265144
3.0000000000000000 -2.2715297763064743 1.2218203013579436
3.0000000000000000 -1.6746598828485115 1.3824551679759913
3.0000000000000000 -2.2861605338525273 1.7551898460158151
3.0000000000000000 -2.2000337205396931 1.3409897633490058
3.0000000000000000 -1.1675140407192441 1.8539691677421493
3.0000000000000000 -1.5243124388754044 1.1054434230538126
3.0000000000000000 -0.8418597607065958 1.8844395138748231
3.0000000000000000 -1.9919470260352197 1.2505737074296785
3.0000000000000000 -1.5821461387261664 2.0401707476698783
3.0000000000000000 -1.6651229942476304 1.5861101195275342
3.0000000000000000 -1.6321166865722145 1.5304182420011787
3.0000000000000000 -1.3941085337051320 1.8327410133082049
3.0000000000000000 -1.5855233198714613 2.4546398365144331
3.0000000000000000 -1.3227488435149346 2.2071552741550833
3.0000000000000000 -1.1084081299003248 1.7948886505357773
3.0000000000000000 -1.1536141338735841 1.6622301384195119
3.0000000000000000 -1.5328431989725653 1.7682731619711363
3.0000000000000000 -1.5177595831417543 1.7025243280124134
3.0000000000000000 -1.4977680771683062 1.3412911105457062
